time	imag(VoutPA[1])
0.00000000000000000E0	-3.15917355218217910E-1
5.00000000000000000E-10	-3.15585596643425736E-1
1.00000000000000000E-9	-3.15498434097657920E-1
1.50000000000000000E-9	-3.15501373383618011E-1
2.00000000000000000E-9	-3.15507618660852485E-1
2.50000000000000000E-9	-3.15509173298458467E-1
3.00000000000000000E-9	-3.15509194503619694E-1
3.50000000000000044E-9	-3.15509097088441326E-1
4.00000000000000000E-9	-3.15509067171990232E-1
4.50000000000000089E-9	-3.15516331943171968E-1
5.00000000000000000E-9	-3.15601750228055344E-1
5.49999999999999911E-9	-3.15762753030655707E-1
6.00000000000000000E-9	-3.15968585559387494E-1
6.50000000000000000E-9	-3.16179932228318128E-1
7.00000000000000089E-9	-3.16355905196096243E-1
7.50000000000000000E-9	-3.16460701852502568E-1
8.00000000000000000E-9	-3.16470908688398911E-1
8.50000000000000178E-9	-3.16381635099898695E-1
9.00000000000000178E-9	-3.16209935255166918E-1
9.50000000000000178E-9	-3.15988978490045858E-1
1.00000000000000000E-8	-3.15709226326455905E-1
1.05000000000000027E-8	-3.15448118054715643E-1
1.09999999999999987E-8	-3.15306249361021473E-1
1.14999999999999991E-8	-3.15376484047387340E-1
1.19999999999999996E-8	-3.15724232766164947E-1
1.25000000000000022E-8	-3.16369110936163311E-1
1.30000000000000004E-8	-3.17271048522733068E-1
1.35000000000000009E-8	-3.18325168301990757E-1
1.40000000000000013E-8	-3.19367660650189178E-1
1.44999999999999996E-8	-3.20199617215369825E-1
1.50000000000000000E-8	-3.20665310381001811E-1
1.55000000000000004E-8	-3.20550145713401902E-1
1.60000000000000009E-8	-3.19655900826702233E-1
1.65000000000000013E-8	-3.17850674330650795E-1
1.70000000000000040E-8	-3.15101946397752419E-1
1.75000000000000022E-8	-3.11511969514115128E-1
1.80000000000000027E-8	-3.07346411921806695E-1
1.85000000000000031E-8	-3.03053760875872857E-1
1.90000000000000036E-8	-2.99255727754386935E-1
1.95000000000000040E-8	-2.96693249768189604E-1
2.00000000000000000E-8	-2.96049025918051711E-1
2.05000000000000027E-8	-2.97935782747387634E-1
2.10000000000000053E-8	-3.02692587631789678E-1
2.14999999999999947E-8	-3.10217030124406312E-1
2.19999999999999973E-8	-3.19925967397337541E-1
2.25000000000000044E-8	-3.30838150891894989E-1
2.29999999999999982E-8	-3.41770299445881154E-1
2.34999999999999964E-8	-3.51538465970306957E-1
2.39999999999999991E-8	-3.59088593415849378E-1
2.45000000000000018E-8	-3.63525637734009210E-1
2.50000000000000044E-8	-3.64062951959903014E-1
2.54999999999999982E-8	-3.59760893555759331E-1
2.60000000000000009E-8	-3.49361526023307878E-1
2.65000000000000036E-8	-3.31024374849392800E-1
2.70000000000000018E-8	-3.02018600730262099E-1
2.74999999999999956E-8	-2.58440434080799308E-1
2.80000000000000027E-8	-1.95319861539670092E-1
2.85000000000000053E-8	-1.08461158546452796E-1
2.89999999999999991E-8	-1.54828438167898819E-3
2.95000000000000107E-8	1.05126076076078956E-1
3.00000000000000000E-8	1.87766443778362646E-1
3.05000000000000071E-8	2.39491283785528708E-1
3.10000000000000009E-8	2.66216246951492241E-1
3.15000000000000036E-8	2.74306410001420131E-1
3.20000000000000018E-8	2.66348446682958606E-1
3.25000000000000000E-8	2.41665444514722250E-1
3.30000000000000027E-8	1.97118911067931779E-1
3.35000000000000009E-8	1.27945250775336450E-1
3.40000000000000080E-8	3.17617195385291851E-2
3.45000000000000018E-8	-7.92519565054020436E-2
3.50000000000000044E-8	-1.75486832818767136E-1
3.54999999999999893E-8	-2.38023680567339513E-1
3.60000000000000053E-8	-2.69991932701159687E-1
3.64999999999999991E-8	-2.80051419513577926E-1
3.70000000000000062E-8	-2.72467816355531856E-1
3.75000000000000000E-8	-2.46921062114447887E-1
3.80000000000000071E-8	-1.99898617488828290E-1
3.85000000000000009E-8	-1.25865391281598926E-1
3.90000000000000080E-8	-2.21286177224764291E-2
3.95000000000000062E-8	9.68219536413982063E-2
4.00000000000000000E-8	1.98838978122337751E-1
4.05000000000000071E-8	2.65795422371685008E-1
4.10000000000000053E-8	3.02228452314062324E-1
4.15000000000000036E-8	3.17585121753422239E-1
4.20000000000000107E-8	3.16799549238432343E-1
4.25000000000000089E-8	3.00394347491516545E-1
4.29999999999999893E-8	2.65664967371972960E-1
4.35000000000000053E-8	2.07135376789300407E-1
4.39999999999999947E-8	1.17971089632325388E-1
4.44999999999999929E-8	-1.85160055364322362E-3
4.50000000000000089E-8	-1.28169221420475732E-1
4.55000000000000160E-8	-2.24434856218960643E-1
4.59999999999999964E-8	-2.80372808802116902E-1
4.65000000000000036E-8	-3.06831055537193143E-1
4.69999999999999929E-8	-3.13689957587146395E-1
4.75000000000000089E-8	-3.04667291717270672E-1
4.79999999999999982E-8	-2.79556626570898104E-1
4.84999999999999964E-8	-2.36172145572436154E-1
4.90000000000000036E-8	-1.72674477501925350E-1
4.94999999999999929E-8	-9.19623765883560651E-2
5.00000000000000089E-8	-4.72847265545102147E-3
5.04999999999999982E-8	7.37932422206147898E-2
5.09999999999999964E-8	1.32884234851331051E-1
5.15000000000000036E-8	1.70107347389649477E-1
5.20000000000000018E-8	1.87036540046932243E-1
5.25000000000000178E-8	1.84837245732238964E-1
5.30000000000000071E-8	1.62534634855389903E-1
5.35000000000000053E-8	1.16848582138186519E-1
5.40000000000000036E-8	4.43161746937072465E-2
5.45000000000000018E-8	-4.86214832366700467E-2
5.49999999999999911E-8	-1.34652548046906517E-1
5.54999999999999893E-8	-1.88715337756666157E-1
5.60000000000000053E-8	-2.10476479266306260E-1
5.65000000000000036E-8	-2.09065134388034402E-1
5.70000000000000107E-8	-1.89326176266139234E-1
5.75000000000000000E-8	-1.51366738948746060E-1
5.79999999999999982E-8	-9.34527330743105544E-2
5.85000000000000053E-8	-1.56298711421955372E-2
5.90000000000000213E-8	7.50331712911970339E-2
5.95000000000000107E-8	1.64011904015114363E-1
6.00000000000000000E-8	2.36866847833908079E-1
6.05000000000000071E-8	2.86554997271644396E-1
6.10000000000000142E-8	3.14644606276673500E-1
6.15000000000000124E-8	3.24971391901424100E-1
6.20000000000000018E-8	3.19322166469881363E-1
6.25000000000000089E-8	2.96666471571782386E-1
6.30000000000000071E-8	2.53146133579282751E-1
6.34999999999999964E-8	1.82204869420392379E-1
6.40000000000000036E-8	7.69221948843986425E-2
6.44999999999999929E-8	-5.56169626446786758E-2
6.50000000000000000E-8	-1.77377653002939728E-1
6.55000000000000071E-8	-2.57439157252774153E-1
6.60000000000000053E-8	-2.99414184484850221E-1
6.65000000000000036E-8	-3.16742421368883864E-1
6.70000000000000018E-8	-3.16572120956543746E-1
6.75000000000000000E-8	-2.99963656170143178E-1
6.80000000000000160E-8	-2.64095839514865771E-1
6.85000000000000053E-8	-2.03123237815823154E-1
6.90000000000000036E-8	-1.09855949572947531E-1
6.95000000000000107E-8	1.48588882027316860E-2
7.00000000000000089E-8	1.42949251221602047E-1
7.05000000000000071E-8	2.36186151546277445E-1
7.09999999999999787E-8	2.87827395602195502E-1
7.14999999999999947E-8	3.10793302386657899E-1
7.20000000000000107E-8	3.14744652782089140E-1
7.25000000000000000E-8	3.02577167248046663E-1
7.29999999999999982E-8	2.72933242589937608E-1
7.35000000000000142E-8	2.21686869210827497E-1
7.40000000000000124E-8	1.43672065473953525E-1
7.45000000000000018E-8	3.87321322316910521E-2
7.50000000000000000E-8	-7.61210500382699529E-2
7.54999999999999982E-8	-1.71434647851506394E-1
7.60000000000000142E-8	-2.32672956190294622E-1
7.65000000000000124E-8	-2.63665588625119529E-1
7.70000000000000018E-8	-2.71918483546170098E-1
7.75000000000000000E-8	-2.60974955092181826E-1
7.80000000000000160E-8	-2.30134141519464386E-1
7.85000000000000142E-8	-1.75632922725480722E-1
7.90000000000000124E-8	-9.27371788991172075E-2
7.95000000000000107E-8	1.60867683804551787E-2
8.00000000000000000E-8	1.27387283033058485E-1
8.05000000000000071E-8	2.10444776852704418E-1
8.10000000000000142E-8	2.57532672818328434E-1
8.14999999999999858E-8	2.77125750585380848E-1
8.20000000000000107E-8	2.76472932925199544E-1
8.25000000000000000E-8	2.57308124772701063E-1
8.30000000000000071E-8	2.17334549102893870E-1
8.34999999999999964E-8	1.51846113010966599E-1
8.40000000000000213E-8	5.73668800969830173E-2
8.45000000000000107E-8	-5.72210549231753607E-2
8.50000000000000178E-8	-1.64865953987791825E-1
8.55000000000000249E-8	-2.43337500935061302E-1
8.59999999999999787E-8	-2.90988622939678043E-1
8.65000000000000036E-8	-3.15938501146526285E-1
8.70000000000000107E-8	-3.24376110277458940E-1
8.75000000000000178E-8	-3.18446521065323562E-1
8.79999999999999893E-8	-2.97406097048131191E-1
8.84999999999999964E-8	-2.58486680693437654E-1
8.89999999999999858E-8	-1.97680869823941396E-1
8.95000000000000107E-8	-1.12486128724756362E-1
9.00000000000000178E-8	-1.06498387196765054E-2
9.05000000000000249E-8	8.46976660456890507E-2
9.10000000000000320E-8	1.53820836702305841E-1
9.15000000000000036E-8	1.93858458508592313E-1
9.19999999999999929E-8	2.09926619131107284E-1
9.25000000000000178E-8	2.06121045331169528E-1
9.30000000000000071E-8	1.83472866647026711E-1
9.35000000000000320E-8	1.41109622984036420E-1
9.39999999999999858E-8	7.85232734854270653E-2
9.45000000000000107E-8	-1.03715260142329257E-3
9.50000000000000178E-8	-8.46333346353908134E-2
9.55000000000000071E-8	-1.51114157872785437E-1
9.59999999999999964E-8	-1.90035633106550783E-1
9.65000000000000213E-8	-2.03783293812652522E-1
9.69999999999999929E-8	-1.96405530783148818E-1
9.75000000000000000E-8	-1.68591310779221892E-1
9.80000000000000071E-8	-1.18110828580255212E-1
9.85000000000000142E-8	-4.27428724319767284E-2
9.89999999999999858E-8	5.24497153651003067E-2
9.95000000000000107E-8	1.49052821935819235E-1
1.00000000000000022E-7	2.26693678885161631E-1
1.00500000000000012E-7	2.77396358800359355E-1
1.01000000000000001E-7	3.04700723700931242E-1
1.01500000000000012E-7	3.14346546404526173E-1
1.02000000000000002E-7	3.09310735908014678E-1
1.02500000000000013E-7	2.89379904931702381E-1
1.03000000000000003E-7	2.51557203552372055E-1
1.03500000000000014E-7	1.90466968498975064E-1
1.04000000000000004E-7	1.00268189055768664E-1
1.04499999999999993E-7	-1.67565391210812176E-2
1.05000000000000027E-7	-1.36467432682899359E-1
1.05500000000000016E-7	-2.27128633092404986E-1
1.06000000000000005E-7	-2.80618788191068713E-1
1.06499999999999995E-7	-3.06949989094002662E-1
1.07000000000000006E-7	-3.15297186361552084E-1
1.07499999999999973E-7	-3.09353063469543255E-1
1.08000000000000007E-7	-2.89067180533366885E-1
1.08500000000000063E-7	-2.51917520005216566E-1
1.09000000000000008E-7	-1.93586321445145115E-1
1.09500000000000020E-7	-1.09802800432730185E-1
1.09999999999999987E-7	-3.15634934496269937E-3
1.10500000000000020E-7	1.07062521231173413E-1
1.10999999999999988E-7	1.95082622319719823E-1
1.11499999999999999E-7	2.51798251996677980E-1
1.12000000000000011E-7	2.83416739403126128E-1
1.12500000000000022E-7	2.97946244478678013E-1
1.13000000000000012E-7	2.99970820513119119E-1
1.13500000000000023E-7	2.91453962748251172E-1
1.14000000000000012E-7	2.73165665299883997E-1
1.14500000000000002E-7	2.45580782933302233E-1
1.14999999999999991E-7	2.09615524286058719E-1
1.15500000000000025E-7	1.67058462685762055E-1
1.15999999999999992E-7	1.21079833589973496E-1
1.16500000000000004E-7	7.61090836158587525E-2
1.17000000000000015E-7	3.69268639097070972E-2
1.17499999999999982E-7	7.37992387247401016E-3
1.18000000000000038E-7	-1.03671077859246874E-2
1.18500000000000005E-7	-1.57022015172696827E-2
1.19000000000000017E-7	-9.05302255222128949E-3
1.19499999999999984E-7	8.39557051553630806E-3
1.19999999999999996E-7	3.44616153864554198E-2
1.20499999999999963E-7	6.58227007955327892E-2
1.21000000000000019E-7	9.84106422307561601E-2
1.21499999999999986E-7	1.28601570431362000E-1
1.22000000000000020E-7	1.53962657855447138E-1
1.22500000000000031E-7	1.73019265436067493E-1
1.23000000000000020E-7	1.84603831656443806E-1
1.23499999999999988E-7	1.87410564701783078E-1
1.23999999999999999E-7	1.80014368630344035E-1
1.24500000000000033E-7	1.61355714905135850E-1
1.25000000000000022E-7	1.31437282413630840E-1
1.25499999999999989E-7	9.15420638722055990E-2
1.26000000000000023E-7	4.39753874498167097E-2
1.26499999999999968E-7	-8.43549555711255827E-3
1.27000000000000002E-7	-6.26627568286612391E-2
1.27499999999999991E-7	-1.16016203530103135E-1
1.28000000000000003E-7	-1.66458130505323831E-1
1.28500000000000036E-7	-2.12171911371373989E-1
1.28999999999999981E-7	-2.51317530514997234E-1
1.29499999999999993E-7	-2.82595255826004488E-1
1.30000000000000004E-7	-3.05663010372324440E-1
1.30500000000000038E-7	-3.20625414273839837E-1
1.31000000000000005E-7	-3.27616806433225038E-1
1.31499999999999995E-7	-3.26501514324867603E-1
1.32000000000000006E-7	-3.16737143044310354E-1
1.32500000000000018E-7	-2.97280658288774147E-1
1.33000000000000007E-7	-2.66543413762880288E-1
1.33499999999999974E-7	-2.22476348568019500E-1
1.34000000000000008E-7	-1.62986135074910798E-1
1.34500000000000042E-7	-8.75130676859562584E-2
1.35000000000000009E-7	-1.42669518508322390E-3
1.35499999999999998E-7	8.05526310932770784E-2
1.36000000000000032E-7	1.43521452949624284E-1
1.36500000000000021E-7	1.83232612715563903E-1
1.37000000000000011E-7	2.03087768364983701E-1
1.37499999999999978E-7	2.07318880625210245E-1
1.38000000000000012E-7	1.98592126332808072E-1
1.38499999999999979E-7	1.78486200610971957E-1
1.39000000000000012E-7	1.48485229917765937E-1
1.39500000000000002E-7	1.10669011741609102E-1
1.40000000000000013E-7	6.78279389481332373E-2
1.40500000000000025E-7	2.30686329634268406E-2
1.41000000000000014E-7	-2.06213570430727700E-2
1.41500000000000004E-7	-6.06827134189893869E-2
1.41999999999999948E-7	-9.53696841479130875E-2
1.42500000000000027E-7	-1.23947475529986018E-1
1.42999999999999994E-7	-1.46493926029914401E-1
1.43499999999999983E-7	-1.63522115539962631E-1
1.44000000000000017E-7	-1.75681514978403452E-1
1.44500000000000028E-7	-1.83630117694278150E-1
1.44999999999999996E-7	-1.88019627211206020E-1
1.45500000000000007E-7	-1.89524895415567185E-1
1.45999999999999996E-7	-1.88819282704948654E-1
1.46500000000000030E-7	-1.86566720362852512E-1
1.47000000000000020E-7	-1.83388649615844535E-1
1.47500000000000053E-7	-1.79823134179278821E-1
1.48000000000000020E-7	-1.76309529563329015E-1
1.48500000000000032E-7	-1.73205460328063410E-1
1.48999999999999999E-7	-1.70827510496167267E-1
1.49499999999999988E-7	-1.69485403265998436E-1
1.50000000000000000E-7	-1.69548966381109256E-1
1.50500000000000034E-7	-1.71244770999385754E-1
1.51000000000000001E-7	-1.74699175687706365E-1
1.51499999999999990E-7	-1.79884217716456241E-1
1.52000000000000024E-7	-1.86551316243175536E-1
1.52500000000000036E-7	-1.94173255372524434E-1
1.53000000000000025E-7	-2.01915641446529781E-1
1.53499999999999992E-7	-2.08663081911591020E-1
1.54000000000000004E-7	-2.13124933069071476E-1
1.54499999999999971E-7	-2.13985034696965659E-1
1.55000000000000004E-7	-2.09978133013151202E-1
1.55500000000000016E-7	-2.00096252281800702E-1
1.56000000000000028E-7	-1.83486797966042192E-1
1.56499999999999995E-7	-1.59433134130742316E-1
1.57000000000000028E-7	-1.27452565472282897E-1
1.57499999999999996E-7	-8.76253722586812245E-2
1.58000000000000029E-7	-4.11965448049248906E-2
1.58500000000000041E-7	8.79061024838610194E-3
1.59000000000000030E-7	5.75631352210512848E-2
1.59500000000000020E-7	9.99321524288014373E-2
1.60000000000000009E-7	1.31981202290275346E-1
1.60500000000000043E-7	1.51855569058100692E-1
1.61000000000000010E-7	1.59035546150054552E-1
1.61499999999999999E-7	1.53261264940798303E-1
1.62000000000000033E-7	1.33869490345378961E-1
1.62500000000000000E-7	9.97328236516859512E-2
1.62999999999999989E-7	4.99882549584989810E-2
1.63500000000000023E-7	-1.39800325008684823E-2
1.64000000000000035E-7	-8.59031479201354919E-2
1.64499999999999980E-7	-1.55196357796606410E-1
1.65000000000000013E-7	-2.12764950164931665E-1
1.65500000000000025E-7	-2.55720609070916760E-1
1.66000000000000014E-7	-2.85579349166945740E-1
1.66500000000000004E-7	-3.04795404404756942E-1
1.66999999999999993E-7	-3.15232359317963828E-1
1.67500000000000004E-7	-3.18031233830637428E-1
1.68000000000000038E-7	-3.13771185644706518E-1
1.68500000000000005E-7	-3.02592110939863712E-1
1.69000000000000017E-7	-2.84289631150425448E-1
1.69500000000000028E-7	-2.58462266572356114E-1
1.70000000000000040E-7	-2.24859800937757015E-1
1.70500000000000052E-7	-1.83701823473571046E-1
1.71000000000000041E-7	-1.36096222018729041E-1
1.71499999999999986E-7	-8.40410807079616795E-2
1.71999999999999975E-7	-3.01966841136885655E-2
1.72500000000000009E-7	2.23110825835265558E-2
1.72999999999999998E-7	7.03804335222638500E-2
1.73500000000000010E-7	1.11702998547900489E-1
1.74000000000000021E-7	1.45126271116517547E-1
1.74499999999999988E-7	1.70397132886397529E-1
1.75000000000000022E-7	1.87755697016646916E-1
1.75499999999999989E-7	1.97467845161317834E-1
1.75999999999999979E-7	1.99715128328975045E-1
1.76499999999999990E-7	1.94578443917933330E-1
1.77000000000000002E-7	1.82087308519326974E-1
1.77500000000000013E-7	1.62364444611657777E-1
1.77999999999999980E-7	1.35892836781842274E-1
1.78500000000000059E-7	1.03876264480988745E-1
1.79000000000000026E-7	6.85289680131426060E-2
1.79499999999999993E-7	3.30147335905390005E-2
1.80000000000000027E-7	8.29514223791659688E-4
1.80500000000000060E-7	-2.50430335130747928E-2
1.81000000000000050E-7	-4.27001776217438067E-2
1.81500000000000017E-7	-5.12386875198820668E-2
1.82000000000000051E-7	-5.03871086517969413E-2
1.82499999999999996E-7	-4.02462189225618694E-2
1.83000000000000007E-7	-2.13116033719253561E-2
1.83500000000000019E-7	5.22442125499288590E-3
1.83999999999999986E-7	3.70453305996719040E-2
1.84499999999999997E-7	7.04906934927887807E-2
1.85000000000000031E-7	1.00963982012105791E-1
1.85499999999999998E-7	1.24118875811766793E-1
1.86000000000000032E-7	1.36825387558419531E-1
1.86500000000000021E-7	1.37283430593340250E-1
1.87000000000000055E-7	1.24600080709382044E-1
1.87500000000000000E-7	9.85168234999752812E-2
1.87999999999999989E-7	5.97415331847380937E-2
1.88500000000000001E-7	1.09170710540925664E-2
1.89000000000000012E-7	-4.26258525357781171E-2
1.89500000000000002E-7	-9.38689043347958929E-2
1.90000000000000036E-7	-1.36769244417916713E-1
1.90500000000000003E-7	-1.68146331874837629E-1
1.91000000000000014E-7	-1.87197093832554673E-1
1.91500000000000026E-7	-1.94115593793188035E-1
1.91999999999999993E-7	-1.89181907071499555E-1
1.92500000000000004E-7	-1.72521075019646641E-1
1.93000000000000060E-7	-1.44297183337435087E-1
1.93500000000000050E-7	-1.05151347989245658E-1
1.93999999999999995E-7	-5.68044941528083314E-2
1.94499999999999984E-7	-2.60026111514673719E-3
1.95000000000000018E-7	5.29560465040226092E-2
1.95500000000000007E-7	1.05739471693776732E-1
1.95999999999999996E-7	1.53047723275843905E-1
1.96500000000000008E-7	1.93184870448921364E-1
1.97000000000000020E-7	2.24873509385851778E-1
1.97500000000000031E-7	2.46958935949421976E-1
1.97999999999999976E-7	2.57776126969031250E-1
1.98500000000000010E-7	2.54531784871460776E-1
1.99000000000000021E-7	2.34294908175817751E-1
1.99499999999999988E-7	1.96883162310000581E-1
2.00000000000000044E-7	1.46739841641354229E-1
2.00499999999999989E-7	9.07993716194118505E-2
2.01000000000000023E-7	3.45790483353070499E-2
2.01500000000000012E-7	-1.91082890982499576E-2
2.02000000000000002E-7	-6.97561768498498225E-2
2.02500000000000036E-7	-1.18093354197886535E-1
2.03000000000000025E-7	-1.64303002192183878E-1
2.03500000000000059E-7	-2.06266735053522066E-1
2.04000000000000004E-7	-2.39051688643246596E-1
2.04499999999999993E-7	-2.56842355585958426E-1
2.05000000000000027E-7	-2.57461630149837140E-1
2.05499999999999972E-7	-2.44722457872082355E-1
2.06000000000000005E-7	-2.25064781528987456E-1
2.06500000000000039E-7	-2.03218833399748711E-1
2.07000000000000028E-7	-1.80933741502800283E-1
2.07500000000000062E-7	-1.57536017667929862E-1
2.08000000000000007E-7	-1.30317652370764425E-1
2.08500000000000041E-7	-9.42512715896421049E-2
2.08999999999999986E-7	-4.38497643232638268E-2
2.09499999999999975E-7	1.45750274985499995E-2
2.10000000000000053E-7	5.79578884940928241E-2
2.10499999999999998E-7	7.82276755389537115E-2
2.11000000000000032E-7	8.59442735050609130E-2
2.11499999999999977E-7	8.97517022708064438E-2
2.12000000000000011E-7	9.20915221488750646E-2
2.12500000000000000E-7	9.28397521093394396E-2
2.12999999999999989E-7	9.12703011101621264E-2
2.13500000000000068E-7	8.63058601505635004E-2
2.14000000000000012E-7	7.63202186300755869E-2
2.14500000000000046E-7	5.89691251483776213E-2
2.14999999999999947E-7	3.13161140144782824E-2
2.15500000000000025E-7	-9.02773865352137150E-3
2.16000000000000014E-7	-6.12215060151945423E-2
2.16500000000000004E-7	-1.18501996646465679E-1
2.17000000000000126E-7	-1.71282920874526767E-1
2.17499999999999982E-7	-2.14380529173434775E-1
2.18000000000000016E-7	-2.48166721650756061E-1
2.18500000000000050E-7	-2.74590604148046680E-1
2.19000000000000039E-7	-2.94875885649749758E-1
2.19500000000000028E-7	-3.09607647450248669E-1
2.19999999999999973E-7	-3.19257116062536417E-1
2.20500000000000007E-7	-3.24338262369949248E-1
2.21000000000000041E-7	-3.25278387617404841E-1
2.21499999999999986E-7	-3.22249900884366980E-1
2.21999999999999975E-7	-3.15021414193954730E-1
2.22499999999999964E-7	-3.02832723975694096E-1
2.22999999999999998E-7	-2.84277831961361471E-1
2.23500000000000032E-7	-2.57198000570499019E-1
2.24000000000000021E-7	-2.18940080605923537E-1
2.24500000000000011E-7	-1.68316478778336998E-1
2.25000000000000044E-7	-1.09326680622366923E-1
2.25499999999999989E-7	-5.11902900470607847E-2
2.26000000000000023E-7	-2.26339862232148903E-3
2.26500000000000057E-7	3.40939598982540559E-2
2.27000000000000046E-7	5.84525469190815361E-2
2.27500000000000080E-7	7.26006683093056626E-2
2.28000000000000025E-7	7.81895115991364964E-2
2.28500000000000014E-7	7.67897624100900167E-2
2.29000000000000004E-7	7.03567010603784304E-2
2.29499999999999993E-7	6.02667226417658153E-2
2.29999999999999982E-7	4.35351719550331406E-2
2.30499999999999972E-7	1.71434319113397904E-2
2.31000000000000050E-7	-1.12855828162760696E-2
2.31499999999999995E-7	-3.16271169834293797E-2
2.31999999999999984E-7	-4.04287343496172991E-2
2.32500000000000018E-7	-3.86057315112067290E-2
2.33000000000000007E-7	-2.77117668659670979E-2
2.33500000000000041E-7	-8.92675423889516750E-3
2.34000000000000030E-7	1.65933846390772133E-2
2.34499999999999975E-7	4.71912118002543579E-2
2.34999999999999964E-7	8.04696248983328211E-2
2.35499999999999998E-7	1.13519059081316032E-1
2.36000000000000076E-7	1.43539499620861233E-1
2.36500000000000021E-7	1.68385066992385690E-1
2.37000000000000011E-7	1.86837478067542473E-1
2.37500000000000044E-7	1.98595620577935961E-1
2.38000000000000034E-7	2.04083445847360601E-1
2.38499999999999979E-7	2.04243632941566489E-1
2.38999999999999968E-7	2.00402561552978575E-1
2.39500000000000002E-7	1.94219096033351168E-1
2.39999999999999991E-7	1.87650795651472602E-1
2.40500000000000025E-7	1.82693170136910910E-1
2.40999999999999925E-7	1.81093096391986363E-1
2.41500000000000048E-7	1.84025081195999118E-1
2.42000000000000037E-7	1.91837159395648471E-1
2.42499999999999982E-7	2.03989375966966069E-1
2.42999999999999972E-7	2.19204582625966671E-1
2.43500000000000005E-7	2.35770576251176278E-1
2.44000000000000039E-7	2.51866284819926634E-1
2.44499999999999984E-7	2.65798412977634735E-1
2.45000000000000062E-7	2.76086430839575137E-1
2.45500000000000007E-7	2.81453453423572508E-1
2.46000000000000041E-7	2.80636100679727507E-1
2.46500000000000030E-7	2.72158575022744120E-1
2.46999999999999975E-7	2.54076018648860469E-1
2.47499999999999964E-7	2.23808634709346910E-1
2.47999999999999998E-7	1.78421531473874451E-1
2.48500000000000032E-7	1.16413444635208796E-1
2.49000000000000066E-7	4.20555885656924744E-2
2.49499999999999922E-7	-3.22827290421091817E-2
2.50000000000000044E-7	-9.38278872318640289E-2
2.50500000000000078E-7	-1.38131271435830527E-1
2.50999999999999979E-7	-1.67048525446924678E-1
2.51500000000000012E-7	-1.83505936405186354E-1
2.52000000000000046E-7	-1.89253475033601881E-1
2.52499999999999991E-7	-1.84719173398347181E-1
2.52999999999999936E-7	-1.69205046317621455E-1
2.53500000000000059E-7	-1.40921174651521852E-1
2.54000000000000004E-7	-9.70387946979527172E-2
2.54499999999999993E-7	-3.45671630512990058E-2
2.54999999999999982E-7	4.57539233846451499E-2
2.55500000000000060E-7	1.32505553353024941E-1
2.56000000000000005E-7	2.06951121957583206E-1
2.56499999999999995E-7	2.59831236476585037E-1
2.57000000000000073E-7	2.94677262354985459E-1
2.57500000000000018E-7	3.18047826873241934E-1
2.57999999999999963E-7	3.34188397330218834E-1
2.58499999999999996E-7	3.45181425260602870E-1
2.58999999999999986E-7	3.52018914716069453E-1
2.59500000000000020E-7	3.55094565453940536E-1
2.60000000000000009E-7	3.54304870757280099E-1
2.60500000000000043E-7	3.49056629417305020E-1
2.61000000000000076E-7	3.38131023860059887E-1
2.61500000000000021E-7	3.19699417489822224E-1
2.62000000000000011E-7	2.91789458679673919E-1
2.62500000000000089E-7	2.53348778505314742E-1
2.62999999999999989E-7	2.05632048792147870E-1
2.63500000000000068E-7	1.53270435713175535E-1
2.64000000000000012E-7	1.02502134183693561E-1
2.64499999999999957E-7	5.73002882069288155E-2
2.65000000000000036E-7	1.85063685409451595E-2
2.65500000000000069E-7	-1.43843936892374624E-2
2.66000000000000014E-7	-4.19929225436939113E-2
2.66500000000000004E-7	-6.46832078905406593E-2
2.66999999999999948E-7	-8.24640320645989000E-2
2.67500000000000027E-7	-9.46373855150803323E-2
2.68000000000000016E-7	-9.87949024821096700E-2
2.68500000000000005E-7	-8.92320822222756149E-2
2.69000000000000083E-7	-5.84717982262717317E-2
2.69500000000000028E-7	-1.26700411610947050E-2
2.70000000000000018E-7	2.45480999609039152E-2
2.70499999999999963E-7	4.69523602851740840E-2
2.70999999999999996E-7	6.33660750605484768E-2
2.71500000000000030E-7	7.92041522114843843E-2
2.72000000000000064E-7	9.53027449578161701E-2
2.72500000000000009E-7	1.11274182496021745E-1
2.73000000000000043E-7	1.26634125488989668E-1
2.73499999999999943E-7	1.40550549761764620E-1
2.74000000000000021E-7	1.50935646494613529E-1
2.74500000000000011E-7	1.53174567655675853E-1
2.74999999999999956E-7	1.40568195853441957E-1
2.75499999999999989E-7	1.11520244893332410E-1
2.76000000000000023E-7	7.67767814269876681E-2
2.76500000000000012E-7	4.64673513322238296E-2
2.76999999999999957E-7	2.07434984870454997E-2
2.77500000000000036E-7	-3.25198182474087316E-3
2.78000000000000025E-7	-2.69597607397670691E-2
2.78499999999999970E-7	-5.06569624249368289E-2
2.79000000000000004E-7	-7.41534201980096519E-2
2.79500000000000037E-7	-9.70188547707976312E-2
2.80000000000000027E-7	-1.18661944980481526E-1
2.80500000000000016E-7	-1.38375420603395338E-1
2.81000000000000050E-7	-1.55346640863461660E-1
2.81500000000000039E-7	-1.68560675991906961E-1
2.82000000000000028E-7	-1.76802547201397764E-1
2.82500000000000018E-7	-1.78807823389123977E-1
2.83000000000000007E-7	-1.73465111896730284E-1
2.83499999999999996E-7	-1.59989703262479610E-1
2.83999999999999897E-7	-1.38106811793646567E-1
2.84500000000000020E-7	-1.08376409655088235E-1
2.85000000000000053E-7	-7.25967653323215334E-2
2.85500000000000087E-7	-3.39469503930951433E-2
2.85999999999999988E-7	3.78531286742452266E-3
2.86500000000000110E-7	3.74187515577570373E-2
2.86999999999999966E-7	6.51724170578216899E-2
2.87500000000000000E-7	8.65504978791539692E-2
2.88000000000000034E-7	1.01758784796614421E-1
2.88500000000000023E-7	1.11211660531733902E-1
2.89000000000000057E-7	1.15296407429584624E-1
2.89499999999999957E-7	1.14303467479752685E-1
2.89999999999999991E-7	1.08434998292714102E-1
2.90499999999999980E-7	9.78517702784323440E-2
2.91000000000000014E-7	8.27161128036524218E-2
2.91500000000000048E-7	6.33006188854631269E-2
2.91999999999999993E-7	4.01016639296105648E-2
2.92500000000000027E-7	1.39462847913666721E-2
2.93000000000000060E-7	-1.39585660870002259E-2
2.93499999999999961E-7	-4.21003255950771837E-2
2.94000000000000039E-7	-6.88769901252275396E-2
2.94499999999999984E-7	-9.28803130590463333E-2
2.95000000000000107E-7	-1.13122093766912890E-1
2.95500000000000007E-7	-1.29040741275435167E-1
2.96000000000000041E-7	-1.40428851504646013E-1
2.96499999999999986E-7	-1.47307366385478589E-1
2.97000000000000064E-7	-1.49819623671440372E-1
2.97500000000000053E-7	-1.48177731830364334E-1
2.97999999999999998E-7	-1.42660021009129645E-1
2.98499999999999988E-7	-1.33650325050003893E-1
2.98999999999999977E-7	-1.21713785258067286E-1
2.99500000000000055E-7	-1.07702339615295650E-1
3.00000000000000000E-7	-9.28719035524305170E-2
3.00499999999999989E-7	-7.87199584968829669E-2
3.01000000000000068E-7	-6.67836186179173641E-2
3.01500000000000057E-7	-5.83513678315450157E-2
3.02000000000000002E-7	-5.42516399321913312E-2
3.02500000000000036E-7	-5.47800022403289599E-2
3.02999999999999980E-7	-5.97337675491582232E-2
3.03500000000000014E-7	-6.84800304018119643E-2
3.04000000000000048E-7	-8.00193553989789486E-2
3.04500000000000037E-7	-9.30422165345988006E-2
3.05000000000000071E-7	-1.05956968314025923E-1
3.05500000000000060E-7	-1.17229615648895980E-1
3.06000000000000050E-7	-1.25515163526589957E-1
3.06499999999999995E-7	-1.29873625514826907E-1
3.06999999999999984E-7	-1.29925739613659763E-1
3.07500000000000062E-7	-1.25888858770171841E-1
3.08000000000000007E-7	-1.18471375046374594E-1
3.08500000000000085E-7	-1.08676045282223677E-1
3.08999999999999941E-7	-9.75907727080502951E-2
3.09499999999999975E-7	-8.62277084611019973E-2
3.10000000000000009E-7	-7.54293636889726393E-2
3.10499999999999998E-7	-6.58242299209230097E-2
3.11000000000000032E-7	-5.78757772238467005E-2
3.11500000000000021E-7	-5.19256116488262798E-2
3.12000000000000055E-7	-4.82376915674853368E-2
3.12500000000000000E-7	-4.70443081260620577E-2
3.12999999999999989E-7	-4.85752907684546198E-2
3.13499999999999979E-7	-5.30790556467584995E-2
3.14000000000000057E-7	-6.08137732247067575E-2
3.14500000000000046E-7	-7.19937727214097212E-2
3.14999999999999991E-7	-8.66722488027953908E-2
3.15500000000000025E-7	-1.04492608193622671E-1
3.16000000000000059E-7	-1.24405648942927027E-1
3.16500000000000048E-7	-1.44607121900821856E-1
3.17000000000000082E-7	-1.62882690264213581E-1
3.17499999999999982E-7	-1.77296565507534720E-1
3.18000000000000060E-7	-1.86720544748327111E-1
3.18499999999999961E-7	-1.90795546630066681E-1
3.19000000000000039E-7	-1.89482835009988637E-1
3.19500000000000028E-7	-1.82619235665243274E-1
3.20000000000000018E-7	-1.69642100814148300E-1
3.20500000000000007E-7	-1.49620088777027926E-1
3.21000000000000085E-7	-1.21332990855918665E-1
3.21499999999999986E-7	-8.34428999191164422E-2
3.22000000000000020E-7	-3.50670844038060370E-2
3.22500000000000009E-7	2.29713201173277914E-2
3.22999999999999998E-7	8.66385145976023097E-2
3.23500000000000032E-7	1.48903180697353399E-1
3.24000000000000066E-7	2.02907196826507086E-1
3.24500000000000055E-7	2.45232481393771140E-1
3.25000000000000000E-7	2.75987176307657522E-1
3.25499999999999989E-7	2.96867990197871201E-1
3.25999999999999979E-7	3.09501098129073116E-1
3.26500000000000012E-7	3.14952545007103168E-1
3.27000000000000046E-7	3.13727408913306238E-1
3.27500000000000080E-7	3.05869867718718513E-1
3.28000000000000069E-7	2.91085660214909936E-1
3.28500000000000014E-7	2.68898765741463919E-1
3.28999999999999959E-7	2.38889810766816835E-1
3.29499999999999993E-7	2.01039683284711579E-1
3.30000000000000027E-7	1.56072582940315607E-1
3.30500000000000149E-7	1.05602495471804025E-1
3.31000000000000050E-7	5.20376327036492281E-2
3.31500000000000128E-7	-1.45652970767568446E-3
3.32000000000000028E-7	-5.09499201702230931E-2
3.32500000000000018E-7	-9.22290421297864249E-2
3.33000000000000007E-7	-1.22132978345348997E-1
3.33499999999999996E-7	-1.39927916982327361E-1
3.33999999999999986E-7	-1.46894537420722227E-1
3.34500000000000020E-7	-1.44799945132325503E-1
3.35000000000000009E-7	-1.35168458825210847E-1
3.35500000000000043E-7	-1.19280656652270811E-1
3.36000000000000076E-7	-9.79856488034616113E-2
3.36500000000000066E-7	-7.15644558273044851E-2
3.37000000000000011E-7	-3.98345205717580697E-2
3.37500000000000000E-7	-2.63899060705276156E-3
3.38000000000000034E-7	3.92656742325457309E-2
3.38500000000000023E-7	8.31610827690188970E-2
3.39000000000000057E-7	1.24099566281674334E-1
3.39500000000000091E-7	1.57433219604197672E-1
3.40000000000000080E-7	1.81636279108855536E-1
3.40499999999999980E-7	1.96934300757092373E-1
3.41000000000000103E-7	2.03806956089078284E-1
3.41500000000000004E-7	2.03060067457769744E-1
3.42000000000000082E-7	1.95399108811467226E-1
3.42500000000000027E-7	1.80919073478683967E-1
3.42999999999999972E-7	1.59015419855827145E-1
3.43499999999999961E-7	1.28673807731181000E-1
3.43999999999999950E-7	8.90650508335345314E-2
3.44500000000000028E-7	3.99544300346299019E-2
3.45000000000000018E-7	-1.83345785800079897E-2
3.45499999999999963E-7	-8.07627559637023040E-2
3.45999999999999996E-7	-1.36153774495135238E-1
3.46500000000000030E-7	-1.78249681741268917E-1
3.47000000000000020E-7	-2.08227297627795371E-1
3.47500000000000053E-7	-2.29223603773718132E-1
3.48000000000000043E-7	-2.43340034658902793E-1
3.48500000000000032E-7	-2.51465771377808300E-1
3.48999999999999977E-7	-2.53719006909764300E-1
3.49500000000000011E-7	-2.49798857205040825E-1
3.50000000000000044E-7	-2.39328202549690561E-1
3.50500000000000034E-7	-2.22030252698457620E-1
3.50999999999999979E-7	-1.98015797833775276E-1
3.51500000000000057E-7	-1.67675766795326808E-1
3.51999999999999957E-7	-1.31477045327173725E-1
3.52500000000000036E-7	-9.04019062026442732E-2
3.52999999999999980E-7	-4.76911946008880872E-2
3.53500000000000014E-7	-9.67181100084697931E-3
3.54000000000000004E-7	1.82489464458855943E-2
3.54500000000000037E-7	3.60267912304597759E-2
3.55000000000000027E-7	4.74641286705783738E-2
3.55499999999999972E-7	5.64203152376401640E-2
3.55999999999999961E-7	6.54119367605603408E-2
3.56500000000000039E-7	7.58730479500842492E-2
3.57000000000000117E-7	8.86324478858209730E-2
3.57500000000000018E-7	1.04133680539394646E-1
3.58000000000000052E-7	1.22406924400763328E-1
3.58500000000000041E-7	1.42740205167157042E-1
3.58999999999999986E-7	1.63033988965771703E-1
3.59500000000000064E-7	1.79686521003344901E-1
3.60000000000000053E-7	1.89792396107973405E-1
3.60500000000000043E-7	1.93919424922659367E-1
3.61000000000000121E-7	1.94811742350976713E-1
3.61499999999999932E-7	1.94209312617839691E-1
3.62000000000000099E-7	1.92720017367100893E-1
3.62500000000000000E-7	1.90718231412805350E-1
3.63000000000000034E-7	1.88518716541244991E-1
3.63499999999999979E-7	1.86269083858046036E-1
3.64000000000000101E-7	1.83920069422057186E-1
3.64500000000000046E-7	1.81259195338500945E-1
3.64999999999999991E-7	1.77934031532364867E-1
3.65499999999999980E-7	1.73485066616066219E-1
3.66000000000000014E-7	1.67463894863430740E-1
3.66500000000000048E-7	1.59653927834960663E-1
3.67000000000000037E-7	1.50305902843751427E-1
3.67500000000000071E-7	1.40168408271952938E-1
3.67999999999999972E-7	1.30272522948848368E-1
3.68500000000000005E-7	1.21675121764551686E-1
3.68999999999999995E-7	1.15339728297717925E-1
3.69500000000000028E-7	1.12111385246772666E-1
3.70000000000000062E-7	1.12640817059915044E-1
3.70500000000000052E-7	1.17303962562068764E-1
3.70999999999999996E-7	1.26068982777446337E-1
3.71500000000000075E-7	1.38491874928860503E-1
3.72000000000000064E-7	1.53686115798576250E-1
3.72500000000000053E-7	1.70205448145486393E-1
3.73000000000000043E-7	1.86008538227022058E-1
3.73500000000000032E-7	1.98825420181574186E-1
3.74000000000000110E-7	2.06980014824524750E-1
3.74500000000000055E-7	2.10081036042900138E-1
3.75000000000000000E-7	2.08913848434912897E-1
3.75500000000000078E-7	2.04841370700091652E-1
3.75999999999999979E-7	1.99061471689534275E-1
3.76500000000000101E-7	1.92283309202851416E-1
3.77000000000000002E-7	1.84689928107751111E-1
3.77499999999999991E-7	1.75996774592046501E-1
3.78000000000000025E-7	1.65475707321322685E-1
3.78499999999999925E-7	1.51929141584339922E-1
3.79000000000000004E-7	1.33685393939164032E-1
3.79500000000000082E-7	1.08829839208110424E-1
3.80000000000000071E-7	7.60837139058076417E-2
3.80500000000000016E-7	3.66899640250706405E-2
3.81000000000000005E-7	-4.62145429667942054E-3
3.81499999999999950E-7	-4.23349311941629214E-2
3.82000000000000028E-7	-7.40014108501863888E-2
3.82500000000000062E-7	-1.00293528808575760E-1
3.83000000000000052E-7	-1.22688278482863589E-1
3.83499999999999952E-7	-1.42089042815016642E-1
3.83999999999999986E-7	-1.58728871006897565E-1
3.84500000000000064E-7	-1.72456828704716369E-1
3.85000000000000009E-7	-1.82914363202788621E-1
3.85499999999999998E-7	-1.89815432484032121E-1
3.86000000000000121E-7	-1.92895524691152520E-1
3.86500000000000066E-7	-1.91967524706815995E-1
3.87000000000000099E-7	-1.86979378516947148E-1
3.87500000000000000E-7	-1.78086729720979497E-1
3.87999999999999989E-7	-1.65750615426205661E-1
3.88500000000000023E-7	-1.50825111934021638E-1
3.88999999999999968E-7	-1.34557348516977071E-1
3.89500000000000135E-7	-1.18469022791395795E-1
3.90000000000000036E-7	-1.04142261733093466E-1
3.90500000000000025E-7	-9.29427845271749931E-2
3.91000000000000014E-7	-8.58681861600042495E-2
3.91500000000000092E-7	-8.34766787757219220E-2
3.91999999999999993E-7	-8.59034665148532106E-2
3.92499999999999982E-7	-9.28923610089776375E-2
3.93000000000000016E-7	-1.03817971530141562E-1
3.93500000000000050E-7	-1.17707036149592681E-1
3.94000000000000039E-7	-1.33285183088713621E-1
3.94500000000000073E-7	-1.49074315581414973E-1
3.95000000000000062E-7	-1.63555472567175642E-1
3.95500000000000007E-7	-1.75217694590591244E-1
3.95999999999999952E-7	-1.82756285691940268E-1
3.96500000000000075E-7	-1.85139988141098777E-1
3.97000000000000020E-7	-1.81600369770270342E-1
3.97500000000000053E-7	-1.71579191567337075E-1
3.98000000000000043E-7	-1.54681243944786906E-1
3.98499999999999943E-7	-1.30674760624844510E-1
3.98999999999999977E-7	-9.95535274153357186E-2
3.99500000000000144E-7	-6.16454558563984456E-2
4.00000000000000089E-7	-1.76853148391481496E-2
4.00499999999999989E-7	3.07956326642227296E-2
4.00999999999999979E-7	8.13007410728014079E-2
4.01500000000000057E-7	1.30017158098443697E-1
4.02000000000000046E-7	1.71858884058089045E-1
4.02500000000000036E-7	2.01756396491526813E-1
4.03000000000000025E-7	2.16850888424104227E-1
4.03500000000000014E-7	2.17764036290014351E-1
4.04000000000000004E-7	2.07726041613340362E-1
4.04499999999999993E-7	1.90680072608206785E-1
4.05000000000000071E-7	1.69845780895439091E-1
4.05500000000000060E-7	1.47248308698513553E-1
4.06000000000000050E-7	1.23773989327684841E-1
4.06500000000000128E-7	9.96516874801610086E-2
4.07000000000000117E-7	7.47744073952903143E-2
4.07499999999999929E-7	4.87562683357488780E-2
4.08000000000000007E-7	2.08335160909071115E-2
4.08499999999999996E-7	-1.02595513291420515E-2
4.08999999999999986E-7	-4.62979328416735036E-2
4.09499999999999975E-7	-8.88878877682916269E-2
4.10000000000000053E-7	-1.36671066615866543E-1
4.10500000000000043E-7	-1.80944391483642431E-1
4.10999999999999943E-7	-2.08423551053415457E-1
4.11500000000000110E-7	-2.15107466318860530E-1
4.12000000000000011E-7	-2.08681556342473407E-1
4.12500000000000000E-7	-1.97737953288430868E-1
4.13000000000000078E-7	-1.86397105989470191E-1
4.13499999999999979E-7	-1.75507642277011788E-1
4.14000000000000057E-7	-1.64703260156399311E-1
4.14499999999999957E-7	-1.53368840076332269E-1
4.15000000000000124E-7	-1.40884763669792323E-1
4.15499999999999936E-7	-1.26641446972242533E-1
4.16000000000000014E-7	-1.09942586084360472E-1
4.16500000000000092E-7	-8.98801529827940016E-2
4.17000000000000082E-7	-6.51349969770630288E-2
4.17499999999999982E-7	-3.37179762077690848E-2
4.17999999999999972E-7	7.08572044954625291E-3
4.18500000000000050E-7	5.94057524654799796E-2
4.18999999999999950E-7	1.19293587255604439E-1
4.19500000000000117E-7	1.70872023462051215E-1
4.20000000000000107E-7	1.99149910908973826E-1
4.20500000000000007E-7	2.06521116724519249E-1
4.20999999999999996E-7	2.03439886680181248E-1
4.21499999999999986E-7	1.96341281010318247E-1
4.22000000000000064E-7	1.86895257754828226E-1
4.22500000000000053E-7	1.74635459243254720E-1
4.22999999999999954E-7	1.58243835576999481E-1
4.23499999999999943E-7	1.35791138939821954E-1
4.24000000000000021E-7	1.05066337298655288E-1
4.24500000000000011E-7	6.53424660932769719E-2
4.25000000000000000E-7	2.12525812944410575E-2
4.25500000000000078E-7	-1.68887224282321169E-2
4.25999999999999979E-7	-4.14891532716922473E-2
4.26499999999999968E-7	-5.25072986176429257E-2
4.27000000000000135E-7	-5.28187576151163274E-2
4.27500000000000124E-7	-4.37399733882424258E-2
4.28000000000000025E-7	-2.43339610776870696E-2
4.28500000000000014E-7	6.76125876896387368E-3
4.29000000000000092E-7	4.59976765271585908E-2
4.29499999999999993E-7	8.05968251790543633E-2
4.29999999999999893E-7	9.96225073603034161E-2
4.30499999999999972E-7	1.04713495899555009E-1
4.31000000000000050E-7	1.02509577067137814E-1
4.31499999999999950E-7	9.68113359025443643E-2
4.32000000000000028E-7	8.85136934637576189E-2
4.32500000000000018E-7	7.74466415196510294E-2
4.33000000000000007E-7	6.32320397736891238E-2
4.33499999999999908E-7	4.54543193528559897E-2
4.34000000000000252E-7	2.36517318856411851E-2
4.34499999999999975E-7	-2.67869313869151426E-3
4.34999999999999964E-7	-3.39539005205884337E-2
4.35500000000000043E-7	-6.98989849112828843E-2
4.36000000000000032E-7	-1.08490858927393741E-1
4.36500000000000110E-7	-1.44938354590309992E-1
4.37000000000000099E-7	-1.72849492440453201E-1
4.37500000000000089E-7	-1.88100302907315142E-1
4.38000000000000078E-7	-1.91166433156545890E-1
4.38499999999999979E-7	-1.85273658610243608E-1
4.39000000000000057E-7	-1.73501954330700725E-1
4.39499999999999957E-7	-1.57675753910924565E-1
4.39999999999999947E-7	-1.38650735551391291E-1
4.40500000000000025E-7	-1.16819753333715171E-1
4.41000000000000014E-7	-9.24541850675359989E-2
4.41500000000000092E-7	-6.59198180287384528E-2
4.42000000000000082E-7	-3.78077357571191097E-2
4.42500000000000071E-7	-9.01304513913183669E-3
4.42999999999999972E-7	1.92445705073572282E-2
4.43500000000000050E-7	4.54777860402950562E-2
4.43999999999999950E-7	6.80620609463602388E-2
4.44500000000000117E-7	8.54035362956186361E-2
4.44999999999999929E-7	9.60934164648453581E-2
4.45500000000000096E-7	9.90298903514671558E-2
4.45999999999999996E-7	9.35031280319729063E-2
4.46499999999999986E-7	7.93816489470216080E-2
4.47000000000000064E-7	5.73185702528877794E-2
4.47500000000000053E-7	2.88173107147828755E-2
4.48000000000000043E-7	-3.97185447961530613E-3
4.48500000000000032E-7	-3.86646584021606232E-2
4.49000000000000021E-7	-7.30927250341164569E-2
4.49500000000000011E-7	-1.05607548717985789E-1
4.50000000000000089E-7	-1.35104009452040374E-1
4.50499999999999901E-7	-1.60961240133257277E-1
4.50999999999999979E-7	-1.82782841565850451E-1
4.51499999999999968E-7	-2.00275292478965294E-1
4.52000000000000046E-7	-2.13186033756149573E-1
4.52500000000000036E-7	-2.21255096974020038E-1
4.53000000000000114E-7	-2.24160477092087440E-1
4.53500000000000014E-7	-2.21472030657098040E-1
4.54000000000000092E-7	-2.12655412700849356E-1
4.54499999999999993E-7	-1.97201218537132150E-1
4.55000000000000160E-7	-1.74975087260032725E-1
4.55499999999999972E-7	-1.46635420395045246E-1
4.56000000000000050E-7	-1.13997306736924520E-1
4.56500000000000039E-7	-7.96504319191542631E-2
4.57000000000000028E-7	-4.60652866568551289E-2
4.57500000000000018E-7	-1.48712883727182610E-2
4.58000000000000007E-7	1.32698412032956603E-2
4.58499999999999996E-7	3.83540030833258649E-2
4.58999999999999986E-7	6.06235887928960793E-2
4.59500000000000064E-7	8.02735935130785627E-2
4.59999999999999964E-7	9.73071519400204821E-2
4.60500000000000043E-7	1.11887035604008389E-1
4.60999999999999943E-7	1.24435080033352907E-1
4.61500000000000110E-7	1.35594748635652129E-1
4.62000000000000099E-7	1.46009258450536339E-1
4.62500000000000089E-7	1.56091184551397233E-1
4.62999999999999989E-7	1.65936725861619117E-1
4.63499999999999979E-7	1.75378758519150080E-1
4.63999999999999968E-7	1.84081234659183379E-1
4.64500000000000046E-7	1.91652800117939281E-1
4.65000000000000036E-7	1.97827801500931333E-1
4.65500000000000114E-7	2.02333903898003920E-1
4.66000000000000014E-7	2.04995837651699997E-1
4.66500000000000004E-7	2.05714761756234976E-1
4.67000000000000082E-7	2.04405136297740242E-1
4.67499999999999893E-7	2.00950145415255399E-1
4.68000000000000060E-7	1.95188417255807356E-1
4.68500000000000050E-7	1.86897243665185209E-1
4.68999999999999950E-7	1.75712137447457106E-1
4.69500000000000028E-7	1.61000475506365404E-1
4.69999999999999929E-7	1.41980516655151567E-1
4.70500000000000096E-7	1.18921653721779497E-1
4.70999999999999996E-7	9.39694738261750828E-2
4.71499999999999808E-7	7.03600560305811484E-2
4.72000000000000153E-7	5.05800461408280189E-2
4.72500000000000053E-7	3.54284882248467348E-2
4.73000000000000043E-7	2.42754746850525382E-2
4.73500000000000032E-7	1.56594877187312154E-2
4.74000000000000021E-7	7.79640098539401016E-3
4.74500000000000011E-7	-8.42138497970641531E-4
4.75000000000000089E-7	-1.07674550496797750E-2
4.75500000000000078E-7	-2.18125118315198252E-2
4.76000000000000068E-7	-3.39468967540165689E-2
4.76499999999999968E-7	-4.78827422765193589E-2
4.76999999999999957E-7	-6.45235353074131179E-2
4.77500000000000036E-7	-8.41035692993682993E-2
4.77999999999999936E-7	-1.05873336359549453E-1
4.78500000000000103E-7	-1.28263393186508678E-1
4.79000000000000004E-7	-1.49202229532137576E-1
4.79499999999999993E-7	-1.66412266575449164E-1
4.79999999999999982E-7	-1.77639145267945331E-1
4.80499999999999972E-7	-1.80662469949609217E-1
4.81000000000000050E-7	-1.73218714303489363E-1
4.81500000000000039E-7	-1.52999573481475837E-1
4.81999999999999851E-7	-1.17973228267704644E-1
4.82500000000000107E-7	-6.76618198405633997E-2
4.83000000000000096E-7	-5.46159819785159240E-3
4.83500000000000085E-7	6.05080763290331269E-2
4.84000000000000075E-7	1.21148186261021351E-1
4.84500000000000064E-7	1.71204205173531832E-1
4.84999999999999964E-7	2.09687609659560126E-1
4.85499999999999954E-7	2.37443402410118054E-1
4.85999999999999943E-7	2.55141082301201827E-1
4.86500000000000021E-7	2.62604130048442741E-1
4.87000000000000011E-7	2.58607533900350584E-1
4.87500000000000000E-7	2.40848839149231519E-1
4.88000000000000078E-7	2.06673069824554956E-1
4.88500000000000068E-7	1.55792536947608351E-1
4.88999999999999968E-7	9.45726723081499898E-2
4.89499999999999957E-7	3.50666384431228506E-2
4.90000000000000124E-7	-1.35266479846907073E-2
4.90500000000000025E-7	-4.86579057662469516E-2
4.91000000000000014E-7	-7.11149114574223340E-2
4.91500000000000181E-7	-8.19970261311086190E-2
4.92000000000000082E-7	-8.18073955852236168E-2
4.92500000000000071E-7	-7.03251567231195196E-2
4.93000000000000060E-7	-4.65713859359999383E-2
4.93500000000000050E-7	-8.90260495124549500E-3
4.93999999999999950E-7	4.40715292705934836E-2
4.94500000000000028E-7	1.09644841201078025E-1
4.94999999999999929E-7	1.74050665690359119E-1
4.95500000000000096E-7	2.16694039591478349E-1
4.95999999999999996E-7	2.29550271014839335E-1
4.96500000000000075E-7	2.19420388444099146E-1
4.97000000000000064E-7	1.94436961320575863E-1
4.97500000000000053E-7	1.58019250663863930E-1
4.98000000000000131E-7	1.10232544336741833E-1
4.98500000000000032E-7	5.04648957557538491E-2
4.98999999999999844E-7	-1.98907672719220474E-2
4.99500000000000011E-7	-9.59252704620542929E-2
5.00000000000000089E-7	-1.70165956809222441E-1


