time	real(VoutPA[1])
0.00000000000000000E0	8.38827862413751468E-2
5.00000000000000000E-10	8.36998173751813823E-2
1.00000000000000000E-9	8.37913961391129014E-2
1.50000000000000000E-9	8.38258610374928459E-2
2.00000000000000000E-9	8.38299570274898187E-2
2.50000000000000000E-9	8.38288593684874073E-2
3.00000000000000000E-9	8.38282864972720176E-2
3.50000000000000044E-9	8.38281941992891433E-2
4.00000000000000000E-9	8.38282042106940750E-2
4.50000000000000089E-9	8.38294351191181342E-2
5.00000000000000000E-9	8.38406851953175192E-2
5.49999999999999911E-9	8.38367040785612616E-2
6.00000000000000000E-9	8.38117239695639782E-2
6.50000000000000000E-9	8.37697702079239193E-2
7.00000000000000089E-9	8.37186210619338489E-2
7.50000000000000000E-9	8.36678673205036816E-2
8.00000000000000000E-9	8.36286214715256193E-2
8.50000000000000178E-9	8.36059789208888304E-2
9.00000000000000178E-9	8.36083360148872679E-2
9.50000000000000178E-9	8.36374314337274427E-2
1.00000000000000000E-8	8.37070353633452235E-2
1.05000000000000027E-8	8.38287939558234285E-2
1.09999999999999987E-8	8.39818159569005651E-2
1.14999999999999991E-8	8.41301291762705183E-2
1.19999999999999996E-8	8.42336400386245998E-2
1.25000000000000022E-8	8.42559239874561960E-2
1.30000000000000004E-8	8.41721036010522994E-2
1.35000000000000009E-8	8.39761180348680014E-2
1.40000000000000013E-8	8.36856029937460377E-2
1.44999999999999996E-8	8.33440337640778672E-2
1.50000000000000000E-8	8.30230647709684355E-2
1.55000000000000004E-8	8.27751136592790537E-2
1.60000000000000009E-8	8.26745373757735003E-2
1.65000000000000013E-8	8.27954553756547895E-2
1.70000000000000040E-8	8.31944926297225429E-2
1.75000000000000022E-8	8.38943801330908556E-2
1.80000000000000027E-8	8.48798783608034846E-2
1.85000000000000031E-8	8.60883780928768871E-2
1.90000000000000036E-8	8.74063614547138279E-2
1.95000000000000040E-8	8.86654719191025720E-2
2.00000000000000000E-8	8.96158066923475261E-2
2.05000000000000027E-8	9.00479633857989370E-2
2.10000000000000053E-8	8.97450100441758103E-2
2.14999999999999947E-8	8.85355007924790272E-2
2.19999999999999973E-8	8.63622090808724252E-2
2.25000000000000044E-8	8.33338100217000566E-2
2.29999999999999982E-8	7.97328840998955890E-2
2.34999999999999964E-8	7.59652714069620494E-2
2.39999999999999991E-8	7.24805289422053178E-2
2.45000000000000018E-8	6.96946756966852909E-2
2.50000000000000044E-8	6.79350487223915422E-2
2.54999999999999982E-8	6.74634131185879049E-2
2.60000000000000009E-8	6.85063026079934900E-2
2.65000000000000036E-8	7.12044675084374923E-2
2.70000000000000018E-8	7.54616124079385564E-2
2.74999999999999956E-8	8.05627403298437272E-2
2.80000000000000027E-8	8.43096098350899048E-2
2.85000000000000053E-8	8.19158640901254742E-2
2.89999999999999991E-8	6.91268042665448235E-2
2.95000000000000107E-8	5.37944774457399522E-2
3.00000000000000000E-8	4.78826428651786884E-2
3.05000000000000071E-8	4.90948166015171594E-2
3.10000000000000009E-8	5.10466932987588073E-2
3.15000000000000036E-8	5.15219885686501833E-2
3.20000000000000018E-8	5.07558936547754946E-2
3.25000000000000000E-8	4.94882812465297661E-2
3.30000000000000027E-8	4.88921196134629721E-2
3.35000000000000009E-8	5.10386905452976070E-2
3.40000000000000080E-8	5.67423252510638410E-2
3.45000000000000018E-8	5.70484532062263838E-2
3.50000000000000044E-8	3.99449737934447224E-2
3.54999999999999893E-8	1.20077074700021247E-2
3.60000000000000053E-8	-1.47211084533030423E-2
3.64999999999999991E-8	-3.68194498123365044E-2
3.70000000000000062E-8	-5.62561272288062320E-2
3.75000000000000000E-8	-7.60016261560367390E-2
3.80000000000000071E-8	-9.90592039531298951E-2
3.85000000000000009E-8	-1.27701811044985725E-1
3.90000000000000080E-8	-1.57680101862071709E-1
3.95000000000000062E-8	-1.71192399170059018E-1
4.00000000000000000E-8	-1.58132874902736908E-1
4.05000000000000071E-8	-1.32809942905894651E-1
4.10000000000000053E-8	-1.10147025294947865E-1
4.15000000000000036E-8	-9.38541284391586750E-2
4.20000000000000107E-8	-8.24571747745002703E-2
4.25000000000000089E-8	-7.38250069086200167E-2
4.29999999999999893E-8	-6.54923743054881591E-2
4.35000000000000053E-8	-5.31614507292226079E-2
4.39999999999999947E-8	-2.86145335266967837E-2
4.44999999999999929E-8	1.44177967516467564E-2
4.50000000000000089E-8	5.44115116770166107E-2
4.55000000000000160E-8	6.97238811300263706E-2
4.59999999999999964E-8	7.43625917986344032E-2
4.65000000000000036E-8	8.25828400672710572E-2
4.69999999999999929E-8	9.71863757716122123E-2
4.75000000000000089E-8	1.17168609289755565E-1
4.79999999999999982E-8	1.41455377155326723E-1
4.84999999999999964E-8	1.68686603027405901E-1
4.90000000000000036E-8	1.95709661981513738E-1
4.94999999999999929E-8	2.16781562031112296E-1
5.00000000000000089E-8	2.26899908182143273E-1
5.04999999999999982E-8	2.26330630770901386E-1
5.09999999999999964E-8	2.18556634485434165E-1
5.15000000000000036E-8	2.05941921145149021E-1
5.20000000000000018E-8	1.89246559968186112E-1
5.25000000000000178E-8	1.68326610034979618E-1
5.30000000000000071E-8	1.42405040165359420E-1
5.35000000000000053E-8	1.10514164311244789E-1
5.40000000000000036E-8	7.19663112467849952E-2
5.45000000000000018E-8	2.49246265220594942E-2
5.49999999999999911E-8	-3.26218986139567013E-2
5.54999999999999893E-8	-9.24595080230431954E-2
5.60000000000000053E-8	-1.43315388889895878E-1
5.65000000000000036E-8	-1.83273915045075109E-1
5.70000000000000107E-8	-2.15691197349159847E-1
5.75000000000000000E-8	-2.43120272109501778E-1
5.79999999999999982E-8	-2.65344792828292819E-1
5.85000000000000053E-8	-2.78636490892483479E-1
5.90000000000000213E-8	-2.76352661440301128E-1
5.95000000000000107E-8	-2.54609254448514077E-1
6.00000000000000000E-8	-2.18205289440283456E-1
6.05000000000000071E-8	-1.77196858859541928E-1
6.10000000000000142E-8	-1.38375660237219256E-1
6.15000000000000124E-8	-1.03372884726415659E-1
6.20000000000000018E-8	-7.13622079838636303E-2
6.25000000000000089E-8	-4.03830290537653447E-2
6.30000000000000071E-8	-6.99949107512914370E-3
6.34999999999999964E-8	3.44291804322147765E-2
6.40000000000000036E-8	8.78835408060861845E-2
6.44999999999999929E-8	1.35031621475067753E-1
6.50000000000000000E-8	1.45249562447799985E-1
6.55000000000000071E-8	1.28880455250048231E-1
6.60000000000000053E-8	1.09447582347638672E-1
6.65000000000000036E-8	9.45023734117709147E-2
6.70000000000000018E-8	8.27677416101301233E-2
6.75000000000000000E-8	7.18102121489137168E-2
6.80000000000000160E-8	5.88888824005076117E-2
6.85000000000000053E-8	3.91820059749223004E-2
6.90000000000000036E-8	4.06836700798506357E-3
6.95000000000000107E-8	-4.80829389240962168E-2
7.00000000000000089E-8	-8.58238850462166170E-2
7.05000000000000071E-8	-9.26998948301598169E-2
7.09999999999999787E-8	-8.88841546943329952E-2
7.14999999999999947E-8	-8.78999054794672574E-2
7.20000000000000107E-8	-9.10886299567074076E-2
7.25000000000000000E-8	-9.69054895214944523E-2
7.29999999999999982E-8	-1.03997044622264867E-1
7.35000000000000142E-8	-1.10351686887409617E-1
7.40000000000000124E-8	-1.11294608936820572E-1
7.45000000000000018E-8	-9.93967117778579201E-2
7.50000000000000000E-8	-7.60139550242473927E-2
7.54999999999999982E-8	-5.76935282190220811E-2
7.60000000000000142E-8	-4.96359694388003270E-2
7.65000000000000124E-8	-4.55523349173367009E-2
7.70000000000000018E-8	-4.16974151793927472E-2
7.75000000000000000E-8	-3.78416653378603263E-2
7.80000000000000160E-8	-3.49604608355515545E-2
7.85000000000000142E-8	-3.49159581081544257E-2
7.90000000000000124E-8	-4.04366472355735596E-2
7.95000000000000107E-8	-4.93447861853180036E-2
8.00000000000000000E-8	-4.62328973214451011E-2
8.05000000000000071E-8	-2.44349451801069595E-2
8.10000000000000142E-8	3.91710905171487411E-3
8.14999999999999858E-8	3.03287458157618817E-2
8.20000000000000107E-8	5.49654047463913198E-2
8.25000000000000000E-8	8.09135061454460391E-2
8.30000000000000071E-8	1.11200830033124864E-1
8.34999999999999964E-8	1.47342573144453204E-1
8.40000000000000213E-8	1.84688890803313766E-1
8.45000000000000107E-8	2.06799980223293955E-1
8.50000000000000178E-8	1.99921922648919104E-1
8.55000000000000249E-8	1.72451980229551616E-1
8.59999999999999787E-8	1.39824972931903480E-1
8.65000000000000036E-8	1.08183351179982146E-1
8.70000000000000107E-8	7.67595179592126620E-2
8.75000000000000178E-8	4.30991671191686798E-2
8.79999999999999893E-8	4.46452855354799816E-3
8.84999999999999964E-8	-4.22750210871706322E-2
8.89999999999999858E-8	-9.92945037252589557E-2
8.95000000000000107E-8	-1.61506068942280234E-1
9.00000000000000178E-8	-2.10330646961213441E-1
9.05000000000000249E-8	-2.29642583758673879E-1
9.10000000000000320E-8	-2.24510725760191976E-1
9.15000000000000036E-8	-2.08128165658103947E-1
9.19999999999999929E-8	-1.87148150067344687E-1
9.25000000000000178E-8	-1.61577464663827008E-1
9.30000000000000071E-8	-1.27971372093216718E-1
9.35000000000000320E-8	-8.05513595466003807E-2
9.39999999999999858E-8	-1.33501992458099106E-2
9.45000000000000107E-8	6.70214291894750502E-2
9.50000000000000178E-8	1.32042405180379441E-1
9.55000000000000071E-8	1.66422204934233187E-1
9.59999999999999964E-8	1.80726315126634773E-1
9.65000000000000213E-8	1.86621602938472142E-1
9.69999999999999929E-8	1.87891279877536865E-1
9.75000000000000000E-8	1.83525278963521443E-1
9.80000000000000071E-8	1.69493247214554188E-1
9.85000000000000142E-8	1.38595551755392465E-1
9.89999999999999858E-8	8.57514904275105749E-2
9.95000000000000107E-8	2.50801224691743574E-2
1.00000000000000022E-7	-2.02965299859279114E-2
1.00500000000000012E-7	-4.80680606562205170E-2
1.01000000000000001E-7	-6.62355200905785857E-2
1.01500000000000012E-7	-7.93228946624444564E-2
1.02000000000000002E-7	-8.83008213854596313E-2
1.02500000000000013E-7	-9.27650461006902205E-2
1.03000000000000003E-7	-9.11408342454649834E-2
1.03500000000000014E-7	-7.92934810136094459E-2
1.04000000000000004E-7	-4.87607391547100733E-2
1.04499999999999993E-7	4.89432211337269241E-3
1.05000000000000027E-7	5.47561258653443872E-2
1.05500000000000016E-7	7.68919049561978518E-2
1.06000000000000005E-7	8.35328357727199311E-2
1.06499999999999995E-7	8.77763610553485307E-2
1.07000000000000006E-7	9.24528317173885128E-2
1.07499999999999973E-7	9.68867593957767781E-2
1.08000000000000007E-7	1.00316613827674717E-1
1.08500000000000063E-7	1.01806275656323875E-1
1.09000000000000008E-7	9.91115359168130361E-2
1.09500000000000020E-7	8.74496928134830220E-2
1.09999999999999987E-7	6.29215734122623971E-2
1.10500000000000020E-7	3.64860616199624044E-2
1.10999999999999988E-7	2.56829711079358214E-2
1.11499999999999999E-7	2.89565771019003870E-2
1.12000000000000011E-7	3.79021344479212052E-2
1.12500000000000022E-7	4.91404646489968222E-2
1.13000000000000012E-7	6.25190971546036600E-2
1.13500000000000023E-7	7.82848380306646341E-2
1.14000000000000012E-7	9.62465823070107795E-2
1.14500000000000002E-7	1.15592182672660471E-1
1.14999999999999991E-7	1.34696218423967817E-1
1.15500000000000025E-7	1.51085599146174898E-1
1.15999999999999992E-7	1.61714187486293870E-1
1.16500000000000004E-7	1.63850707233953852E-1
1.17000000000000015E-7	1.56037805913290883E-1
1.17499999999999982E-7	1.38410448119852592E-1
1.18000000000000038E-7	1.12213457270104922E-1
1.18500000000000005E-7	7.92344063573712631E-2
1.19000000000000017E-7	4.18642007117505788E-2
1.19499999999999984E-7	3.68972638312731060E-3
1.19999999999999996E-7	-3.03414047278890742E-2
1.20499999999999963E-7	-5.52251773375955235E-2
1.21000000000000019E-7	-6.77408304365895830E-2
1.21499999999999986E-7	-6.71610904987786306E-2
1.22000000000000020E-7	-5.43299547576714836E-2
1.22500000000000031E-7	-3.05257264863965139E-2
1.23000000000000020E-7	2.92018557270460377E-3
1.23499999999999988E-7	4.43449527801010301E-2
1.23999999999999999E-7	9.12876241516432074E-2
1.24500000000000033E-7	1.40268273211498484E-1
1.25000000000000022E-7	1.87064145345045718E-1
1.25499999999999989E-7	2.27613045440322193E-1
1.26000000000000023E-7	2.58963446234402106E-1
1.26499999999999968E-7	2.79594417284278318E-1
1.27000000000000002E-7	2.89147816330766272E-1
1.27499999999999991E-7	2.88149062378346743E-1
1.28000000000000003E-7	2.77723696374482421E-1
1.28500000000000036E-7	2.59521524821706029E-1
1.28999999999999981E-7	2.35793976026557539E-1
1.29499999999999993E-7	2.08952392868750714E-1
1.30000000000000004E-7	1.80776792780222850E-1
1.30500000000000038E-7	1.52346430187540016E-1
1.31000000000000005E-7	1.24272891772875060E-1
1.31499999999999995E-7	9.68763659104030594E-2
1.32000000000000006E-7	7.01064652803016664E-2
1.32500000000000018E-7	4.33228889610079371E-2
1.33000000000000007E-7	1.50552388369387558E-2
1.33499999999999974E-7	-1.71149566805042097E-2
1.34000000000000008E-7	-5.59340149249697305E-2
1.34500000000000042E-7	-1.01132814870885035E-1
1.35000000000000009E-7	-1.43759933357134795E-1
1.35499999999999998E-7	-1.71689326767277750E-1
1.36000000000000032E-7	-1.84927778050775538E-1
1.36500000000000021E-7	-1.92668172310531105E-1
1.37000000000000011E-7	-2.01771078260582737E-1
1.37499999999999978E-7	-2.14356480666280014E-1
1.38000000000000012E-7	-2.30172264927114290E-1
1.38499999999999979E-7	-2.48121604883121361E-1
1.39000000000000012E-7	-2.66591794719938591E-1
1.39500000000000002E-7	-2.83600612373441985E-1
1.40000000000000013E-7	-2.97262330776233830E-1
1.40500000000000025E-7	-3.06315706616680439E-1
1.41000000000000014E-7	-3.10354904837111656E-1
1.41500000000000004E-7	-3.09709599659552870E-1
1.41999999999999948E-7	-3.05101686491711810E-1
1.42500000000000027E-7	-2.97334990268019439E-1
1.42999999999999994E-7	-2.87150447838824707E-1
1.43499999999999983E-7	-2.75226254649668656E-1
1.44000000000000017E-7	-2.62231591730558122E-1
1.44500000000000028E-7	-2.48880733569104873E-1
1.44999999999999996E-7	-2.35991307697932484E-1
1.45500000000000007E-7	-2.24375759534117858E-1
1.45999999999999996E-7	-2.14840709181396772E-1
1.46500000000000030E-7	-2.08044719085455343E-1
1.47000000000000020E-7	-2.04365692867401094E-1
1.47500000000000053E-7	-2.03793259878210886E-1
1.48000000000000020E-7	-2.05887105288653460E-1
1.48500000000000032E-7	-2.09816537134418635E-1
1.48999999999999999E-7	-2.14484454726718843E-1
1.49499999999999988E-7	-2.18682131314302097E-1
1.50000000000000000E-7	-2.21195786050315757E-1
1.50500000000000034E-7	-2.21029516981804131E-1
1.51000000000000001E-7	-2.17342600657458629E-1
1.51499999999999990E-7	-2.09483767724248304E-1
1.52000000000000024E-7	-1.97016001636258498E-1
1.52500000000000036E-7	-1.79767109011464843E-1
1.53000000000000025E-7	-1.57919670581076566E-1
1.53499999999999992E-7	-1.32096305052830210E-1
1.54000000000000004E-7	-1.03389842475837535E-1
1.54499999999999971E-7	-7.32856105997853469E-2
1.55000000000000004E-7	-4.35203564161839029E-2
1.55500000000000016E-7	-1.57989635587486688E-2
1.56000000000000028E-7	8.27081553234468103E-3
1.56499999999999995E-7	2.72357124579660548E-2
1.57000000000000028E-7	3.97563123652615369E-2
1.57499999999999996E-7	4.46409472574765243E-2
1.58000000000000029E-7	4.12624211638905436E-2
1.58500000000000041E-7	3.04785415184833974E-2
1.59000000000000030E-7	1.51938298675519001E-2
1.59500000000000020E-7	-8.39495110204507178E-4
1.60000000000000009E-7	-1.50230124485342142E-2
1.60500000000000043E-7	-2.66521756524488307E-2
1.61000000000000010E-7	-3.57236947137152772E-2
1.61499999999999999E-7	-4.19851794470954864E-2
1.62000000000000033E-7	-4.45398159407773608E-2
1.62500000000000000E-7	-4.16998335504785445E-2
1.62999999999999989E-7	-3.12555048909918209E-2
1.63500000000000023E-7	-1.23275478336996014E-2
1.64000000000000035E-7	1.11202630345157005E-2
1.64499999999999980E-7	3.16754220084043769E-2
1.65000000000000013E-7	4.63595386395065834E-2
1.65500000000000025E-7	5.78541317795119081E-2
1.66000000000000014E-7	6.92950932415791065E-2
1.66500000000000004E-7	8.21178345683177646E-2
1.66999999999999993E-7	9.66580182123680842E-2
1.67500000000000004E-7	1.12873158721731670E-1
1.68000000000000038E-7	1.30592495300821243E-1
1.68500000000000005E-7	1.49573849372808709E-1
1.69000000000000017E-7	1.69497167522975967E-1
1.69500000000000028E-7	1.89896833790668351E-1
1.70000000000000040E-7	2.09983814984255934E-1
1.70500000000000052E-7	2.28394941615665470E-1
1.71000000000000041E-7	2.43372989379271676E-1
1.71499999999999986E-7	2.53270748138512136E-1
1.71999999999999975E-7	2.57170853860597726E-1
1.72500000000000009E-7	2.55230716903309940E-1
1.72999999999999998E-7	2.48604491298926833E-1
1.73500000000000010E-7	2.38994436001695387E-1
1.74000000000000021E-7	2.28172119278451824E-1
1.74499999999999988E-7	2.17728219353850738E-1
1.75000000000000022E-7	2.08899279609669097E-1
1.75499999999999989E-7	2.02838093432639477E-1
1.75999999999999979E-7	2.00428560593888738E-1
1.76499999999999990E-7	2.02253644475918026E-1
1.77000000000000002E-7	2.08515795163175666E-1
1.77500000000000013E-7	2.18889998992727186E-1
1.77999999999999980E-7	2.32357083440218126E-1
1.78500000000000059E-7	2.47168432265963833E-1
1.79000000000000026E-7	2.61135979198969448E-1
1.79499999999999993E-7	2.72265858640293734E-1
1.80000000000000027E-7	2.79452180675166906E-1
1.80500000000000060E-7	2.82451111749750394E-1
1.81000000000000050E-7	2.81598062249025993E-1
1.81500000000000017E-7	2.77223781180477236E-1
1.82000000000000051E-7	2.69274850523483167E-1
1.82499999999999996E-7	2.57185871535506738E-1
1.83000000000000007E-7	2.39919678899396782E-1
1.83500000000000019E-7	2.16183776826203422E-1
1.83999999999999986E-7	1.84950329252749635E-1
1.84499999999999997E-7	1.46339715381241153E-1
1.85000000000000031E-7	1.02357207057340638E-1
1.85499999999999998E-7	5.68375919369527871E-2
1.86000000000000032E-7	1.36652555405981002E-2
1.86500000000000021E-7	-2.47835705481566348E-2
1.87000000000000055E-7	-5.77021385679975651E-2
1.87500000000000000E-7	-8.49876800153176504E-2
1.87999999999999989E-7	-1.06574940642776061E-1
1.88500000000000001E-7	-1.22564203002999461E-1
1.89000000000000012E-7	-1.33998327462516587E-1
1.89500000000000002E-7	-1.43109029142990218E-1
1.90000000000000036E-7	-1.52199766180086593E-1
1.90500000000000003E-7	-1.62772880614202031E-1
1.91000000000000014E-7	-1.75620952613046999E-1
1.91500000000000026E-7	-1.91202773622934896E-1
1.91999999999999993E-7	-2.09627675376968448E-1
1.92500000000000004E-7	-2.30385292454956847E-1
1.93000000000000060E-7	-2.52076935107327227E-1
1.93500000000000050E-7	-2.72346425508155310E-1
1.93999999999999995E-7	-2.88112952802020361E-1
1.94499999999999984E-7	-2.96183165014159311E-1
1.95000000000000018E-7	-2.94221258770396732E-1
1.95500000000000007E-7	-2.81266623882778966E-1
1.95999999999999996E-7	-2.57399417376790129E-1
1.96500000000000008E-7	-2.22988363668445011E-1
1.97000000000000020E-7	-1.78148230970390253E-1
1.97500000000000031E-7	-1.22496668494000449E-1
1.97999999999999976E-7	-5.58385102788056109E-2
1.98500000000000010E-7	1.98586052515487843E-2
1.99000000000000021E-7	9.87793817597391133E-2
1.99499999999999988E-7	1.71924907390858772E-1
2.00000000000000044E-7	2.30328444757029027E-1
2.00499999999999989E-7	2.69271077376032553E-1
2.01000000000000023E-7	2.89063104837818097E-1
2.01500000000000012E-7	2.91781663068173769E-1
2.02000000000000002E-7	2.78953937410465480E-1
2.02500000000000036E-7	2.50832740631745432E-1
2.03000000000000025E-7	2.06715288159843436E-1
2.03500000000000059E-7	1.46278639956090872E-1
2.04000000000000004E-7	7.19104283096096530E-2
2.04499999999999993E-7	-8.68362207671772524E-3
2.05000000000000027E-7	-8.36355151171351352E-2
2.05499999999999972E-7	-1.43253315826005756E-1
2.06000000000000005E-7	-1.83720038569848843E-1
2.06500000000000039E-7	-2.05181252899192934E-1
2.07000000000000028E-7	-2.08701491424005159E-1
2.07500000000000062E-7	-1.94315286670640552E-1
2.08000000000000007E-7	-1.60396899900374201E-1
2.08500000000000041E-7	-1.04233417479518797E-1
2.08999999999999986E-7	-2.49041118775422410E-2
2.09499999999999975E-7	7.01593676999040383E-2
2.10000000000000053E-7	1.62051985553105826E-1
2.10499999999999998E-7	2.32627983867771659E-1
2.11000000000000032E-7	2.78337516082575753E-1
2.11499999999999977E-7	3.04997435755863755E-1
2.12000000000000011E-7	3.18316523081272829E-1
2.12500000000000000E-7	3.21467865558919197E-1
2.12999999999999989E-7	3.15889507820026072E-1
2.13500000000000068E-7	3.02120117449430126E-1
2.14000000000000012E-7	2.80337346471009541E-1
2.14500000000000046E-7	2.50898176005859330E-1
2.14999999999999947E-7	2.14916301247204933E-1
2.15500000000000025E-7	1.74642895956899968E-1
2.16000000000000014E-7	1.33313783670455255E-1
2.16500000000000004E-7	9.47835161469769005E-2
2.17000000000000126E-7	6.38042823304365037E-2
2.17499999999999982E-7	4.48784567244981414E-2
2.18000000000000016E-7	3.92392877623630287E-2
2.18500000000000050E-7	4.42990783850430070E-2
2.19000000000000039E-7	5.57475194922793271E-2
2.19500000000000028E-7	6.94012168223481130E-2
2.19999999999999973E-7	8.18811292236441446E-2
2.20500000000000007E-7	9.05261063015369416E-2
2.21000000000000041E-7	9.32501573456985078E-2
2.21499999999999986E-7	8.82968179777429896E-2
2.21999999999999975E-7	7.39869135483542983E-2
2.22499999999999964E-7	4.85596972771133206E-2
2.22999999999999998E-7	1.03214251129049717E-2
2.23500000000000032E-7	-4.14898450372565097E-2
2.24000000000000021E-7	-1.04503755864175440E-1
2.24500000000000011E-7	-1.70261558121938439E-1
2.25000000000000044E-7	-2.25808934035836950E-1
2.25499999999999989E-7	-2.62518349146687680E-1
2.26000000000000023E-7	-2.80354134527466448E-1
2.26500000000000057E-7	-2.83293120616747318E-1
2.27000000000000046E-7	-2.74468962967432173E-1
2.27500000000000080E-7	-2.54684693345131308E-1
2.28000000000000025E-7	-2.22673921420165222E-1
2.28500000000000014E-7	-1.75500114215494607E-1
2.29000000000000004E-7	-1.09245435268050617E-1
2.29499999999999993E-7	-2.23763884682970327E-2
2.29999999999999982E-7	7.54218248501216593E-2
2.30499999999999972E-7	1.61891207625840705E-1
2.31000000000000050E-7	2.22677055112952305E-1
2.31499999999999995E-7	2.60462632594624610E-1
2.31999999999999984E-7	2.83292746554665698E-1
2.32500000000000018E-7	2.96508601266399330E-1
2.33000000000000007E-7	3.02516166657507402E-1
2.33500000000000041E-7	3.02287653245971244E-1
2.34000000000000030E-7	2.96243524581819750E-1
2.34499999999999975E-7	2.84750022580246798E-1
2.34999999999999964E-7	2.68563946555559063E-1
2.35499999999999998E-7	2.49116484767312807E-1
2.36000000000000076E-7	2.28483493017127204E-1
2.36500000000000021E-7	2.09005443015963577E-1
2.37000000000000011E-7	1.92720942392897254E-1
2.37500000000000044E-7	1.80948835468522362E-1
2.38000000000000034E-7	1.74188785884338970E-1
2.38499999999999979E-7	1.72238775435346048E-1
2.38999999999999968E-7	1.74353201679885528E-1
2.39500000000000002E-7	1.79382536624479405E-1
2.39999999999999991E-7	1.85958866776911669E-1
2.40500000000000025E-7	1.92631118874622786E-1
2.40999999999999925E-7	1.98119535316155604E-1
2.41500000000000048E-7	2.01456528738079710E-1
2.42000000000000037E-7	2.02027411049321071E-1
2.42499999999999982E-7	1.99529159490966479E-1
2.42999999999999972E-7	1.93904339105800361E-1
2.43500000000000005E-7	1.85268186882338237E-1
2.44000000000000039E-7	1.73827395938767060E-1
2.44499999999999984E-7	1.59771781136437374E-1
2.45000000000000062E-7	1.43075667118825089E-1
2.45500000000000007E-7	1.23597531001957561E-1
2.46000000000000041E-7	1.00961534003915032E-1
2.46500000000000030E-7	7.45556674401799935E-2
2.46999999999999975E-7	4.37251791698048109E-2
2.47499999999999964E-7	8.22960468293621084E-3
2.47999999999999998E-7	-3.10421204018094521E-2
2.48500000000000032E-7	-7.13540538216069642E-2
2.49000000000000066E-7	-1.08621740702070735E-1
2.49499999999999922E-7	-1.40095129922132156E-1
2.50000000000000044E-7	-1.64981413161115831E-1
2.50500000000000078E-7	-1.82817933316947556E-1
2.50999999999999979E-7	-1.93700599529544104E-1
2.51500000000000012E-7	-1.98557752152853029E-1
2.52000000000000046E-7	-1.98475647780961384E-1
2.52499999999999991E-7	-1.94198169532596743E-1
2.52999999999999936E-7	-1.86078672798727762E-1
2.53500000000000059E-7	-1.74231696122387980E-1
2.54000000000000004E-7	-1.58665982307303466E-1
2.54499999999999993E-7	-1.39014612644042690E-1
2.54999999999999982E-7	-1.13208512965065200E-1
2.55500000000000060E-7	-7.74032549298391004E-2
2.56000000000000005E-7	-3.31331567186014420E-2
2.56499999999999995E-7	9.88769971929551339E-3
2.57000000000000073E-7	4.35901929009369127E-2
2.57500000000000018E-7	6.62409036537785489E-2
2.57999999999999963E-7	7.92830820013826187E-2
2.58499999999999996E-7	8.43130327879692487E-2
2.58999999999999986E-7	8.22197706149119156E-2
2.59500000000000020E-7	7.31894149881829925E-2
2.60000000000000009E-7	5.67527120586448408E-2
2.60500000000000043E-7	3.20372780048397088E-2
2.61000000000000076E-7	-1.97015205835189522E-3
2.61500000000000021E-7	-4.55813426486400530E-2
2.62000000000000011E-7	-9.72135783449881608E-2
2.62500000000000089E-7	-1.53080279770563887E-1
2.62999999999999989E-7	-2.08072354149151861E-1
2.63500000000000068E-7	-2.56771011485461109E-1
2.64000000000000012E-7	-2.95068115433432254E-1
2.64499999999999957E-7	-3.21519906427029811E-1
2.65000000000000036E-7	-3.36760073468500787E-1
2.65500000000000069E-7	-3.42002554870795850E-1
2.66000000000000014E-7	-3.37967906489588676E-1
2.66500000000000004E-7	-3.24395451749120101E-1
2.66999999999999948E-7	-2.99793997847010996E-1
2.67500000000000027E-7	-2.61245141377583323E-1
2.68000000000000016E-7	-2.04441353545411175E-1
2.68500000000000005E-7	-1.24797362439754811E-1
2.69000000000000083E-7	-2.22196699936757058E-2
2.69500000000000028E-7	8.91969582549933016E-2
2.70000000000000018E-7	1.84657368082848272E-1
2.70499999999999963E-7	2.50134898161448493E-1
2.70999999999999996E-7	2.88406138828670899E-1
2.71500000000000030E-7	3.07322663596394552E-1
2.72000000000000064E-7	3.12017061799762541E-1
2.72500000000000009E-7	3.04382378789663122E-1
2.73000000000000043E-7	2.84106418780915648E-1
2.73499999999999943E-7	2.49199842211840705E-1
2.74000000000000021E-7	1.96451400355824624E-1
2.74500000000000011E-7	1.22835170159811180E-1
2.74999999999999956E-7	2.93460699250826185E-2
2.75499999999999989E-7	-7.28547821089887293E-2
2.76000000000000023E-7	-1.64580542543333430E-1
2.76500000000000012E-7	-2.33594650973912987E-1
2.76999999999999957E-7	-2.79719090880499710E-1
2.77500000000000036E-7	-3.08173843157685301E-1
2.78000000000000025E-7	-3.23811221437013153E-1
2.78499999999999970E-7	-3.29718039027068865E-1
2.79000000000000004E-7	-3.27666965582980074E-1
2.79500000000000037E-7	-3.18669722446492942E-1
2.80000000000000027E-7	-3.03358969208705576E-1
2.80500000000000016E-7	-2.82133657434751850E-1
2.81000000000000050E-7	-2.55402234083913227E-1
2.81500000000000039E-7	-2.23761828068244206E-1
2.82000000000000028E-7	-1.88089094888340602E-1
2.82500000000000018E-7	-1.49484243339363276E-1
2.83000000000000007E-7	-1.09126783418878892E-1
2.83499999999999996E-7	-6.82222193701146562E-2
2.83999999999999897E-7	-2.80469869036512165E-2
2.84500000000000020E-7	1.00272650659000506E-2
2.85000000000000053E-7	4.46650954392544897E-2
2.85500000000000087E-7	7.48453396812089622E-2
2.85999999999999988E-7	1.00108658426369757E-1
2.86500000000000110E-7	1.20487610605042028E-1
2.86999999999999966E-7	1.36300739721376041E-1
2.87500000000000000E-7	1.48020198373301626E-1
2.88000000000000034E-7	1.56193981071599119E-1
2.88500000000000023E-7	1.61372684507085995E-1
2.89000000000000057E-7	1.64060750808034927E-1
2.89499999999999957E-7	1.64711078453313564E-1
2.89999999999999991E-7	1.63756524556766436E-1
2.90499999999999980E-7	1.61584906935723094E-1
2.91000000000000014E-7	1.58521707920120036E-1
2.91500000000000048E-7	1.54804892166318853E-1
2.91999999999999993E-7	1.50543929024247536E-1
2.92500000000000027E-7	1.45683782614735891E-1
2.93000000000000060E-7	1.40016737001809277E-1
2.93499999999999961E-7	1.33266203952112883E-1
2.94000000000000039E-7	1.25207988810815962E-1
2.94499999999999984E-7	1.15747634222373930E-1
2.95000000000000107E-7	1.04924871882788562E-1
2.95500000000000007E-7	9.27094249617394439E-2
2.96000000000000041E-7	7.89832182270079564E-2
2.96499999999999986E-7	6.35287044007437718E-2
2.97000000000000064E-7	4.60810149248862899E-2
2.97500000000000053E-7	2.64269177676104183E-2
2.97999999999999998E-7	4.53280790001344158E-3
2.98499999999999988E-7	-1.93081842577585761E-2
2.98999999999999977E-7	-4.43479981961828340E-2
2.99500000000000055E-7	-6.93562729898737196E-2
3.00000000000000000E-7	-9.28008455795615994E-2
3.00499999999999989E-7	-1.13157112111659353E-1
3.01000000000000068E-7	-1.29308058147244131E-1
3.01500000000000057E-7	-1.40648213343346540E-1
3.02000000000000002E-7	-1.46960419144925414E-1
3.02500000000000036E-7	-1.48194883762790330E-1
3.02999999999999980E-7	-1.44297871589666249E-1
3.03500000000000014E-7	-1.35152241739105650E-1
3.04000000000000048E-7	-1.20617213487119890E-1
3.04500000000000037E-7	-1.00635831429585032E-1
3.05000000000000071E-7	-7.53523008997741250E-2
3.05500000000000060E-7	-4.52636209344958385E-2
3.06000000000000050E-7	-1.12471016061071194E-2
3.06499999999999995E-7	2.54444861442608738E-2
3.06999999999999984E-7	6.32844976204165910E-2
3.07500000000000062E-7	1.00657878602267692E-1
3.08000000000000007E-7	1.36074096755234208E-1
3.08500000000000085E-7	1.68339806515605095E-1
3.08999999999999941E-7	1.96628966677436079E-1
3.09499999999999975E-7	2.20456394679405321E-1
3.10000000000000009E-7	2.39553753835417504E-1
3.10499999999999998E-7	2.53924138313845704E-1
3.11000000000000032E-7	2.63681261972145276E-1
3.11500000000000021E-7	2.68967088497816142E-1
3.12000000000000055E-7	2.69899750980493280E-1
3.12500000000000000E-7	2.66539292630795233E-1
3.12999999999999989E-7	2.58878981925030294E-1
3.13499999999999979E-7	2.46851150045464385E-1
3.14000000000000057E-7	2.30350697468375598E-1
3.14500000000000046E-7	2.09286555196395252E-1
3.14999999999999991E-7	1.83729580201826059E-1
3.15500000000000025E-7	1.53848672117216578E-1
3.16000000000000059E-7	1.20137511729782154E-1
3.16500000000000048E-7	8.36317317755638179E-2
3.17000000000000082E-7	4.60016784823375957E-2
3.17499999999999982E-7	9.31802103774150225E-3
3.18000000000000060E-7	-2.45118465348991688E-2
3.18499999999999961E-7	-5.42722062359770341E-2
3.19000000000000039E-7	-7.95848740472394045E-2
3.19500000000000028E-7	-1.00705145774264171E-1
3.20000000000000018E-7	-1.18307841225506571E-1
3.20500000000000007E-7	-1.32977753124328624E-1
3.21000000000000085E-7	-1.45162568321754915E-1
3.21499999999999986E-7	-1.54993539473585318E-1
3.22000000000000020E-7	-1.61919051660718782E-1
3.22500000000000009E-7	-1.64290983192703210E-1
3.22999999999999998E-7	-1.59766558518518198E-1
3.23500000000000032E-7	-1.47405417239048453E-1
3.24000000000000066E-7	-1.29606035274766462E-1
3.24500000000000055E-7	-1.10933366085338347E-1
3.25000000000000000E-7	-9.53120036474815358E-2
3.25499999999999989E-7	-8.48317579626384344E-2
3.25999999999999979E-7	-8.01849082834896620E-2
3.26500000000000012E-7	-8.13788998487820159E-2
3.27000000000000046E-7	-8.80752875000965574E-2
3.27500000000000080E-7	-9.96507640510673376E-2
3.28000000000000069E-7	-1.15140844235311279E-1
3.28500000000000014E-7	-1.33156796095030883E-1
3.28999999999999959E-7	-1.51795932935991029E-1
3.29499999999999993E-7	-1.68536153032857161E-1
3.30000000000000027E-7	-1.80249296574453544E-1
3.30500000000000149E-7	-1.83409926052054129E-1
3.31000000000000050E-7	-1.74586877138943741E-1
3.31500000000000128E-7	-1.50974772563944959E-1
3.32000000000000028E-7	-1.11165310118850225E-1
3.32500000000000018E-7	-5.65325107606220012E-2
3.33000000000000007E-7	7.45492681375028443E-3
3.33499999999999996E-7	7.24459265366197336E-2
3.33999999999999986E-7	1.31074963326745597E-1
3.34500000000000020E-7	1.79539795283769799E-1
3.35000000000000009E-7	2.17032261451327990E-1
3.35500000000000043E-7	2.43794645045135994E-1
3.36000000000000076E-7	2.60025803235630137E-1
3.36500000000000066E-7	2.65445113330353255E-1
3.37000000000000011E-7	2.59036578501820935E-1
3.37500000000000000E-7	2.38839642530475915E-1
3.38000000000000034E-7	2.02060797844256523E-1
3.38500000000000023E-7	1.46401130072485652E-1
3.39000000000000057E-7	7.41034858226197279E-2
3.39500000000000091E-7	-3.81017966665808716E-3
3.40000000000000080E-7	-7.26563572426643933E-2
3.40499999999999980E-7	-1.24474055410321260E-1
3.41000000000000103E-7	-1.59196551246185480E-1
3.41500000000000004E-7	-1.79419127111091292E-1
3.42000000000000082E-7	-1.87012329764485985E-1
3.42500000000000027E-7	-1.82336165899860214E-1
3.42999999999999972E-7	-1.64223664588266627E-1
3.43499999999999961E-7	-1.29961810583854587E-1
3.43999999999999950E-7	-7.58237944966708710E-2
3.44500000000000028E-7	-1.26341887289438071E-3
3.45000000000000018E-7	8.04360532550349028E-2
3.45499999999999963E-7	1.44765199732476613E-1
3.45999999999999996E-7	1.81442892177072657E-1
3.46500000000000030E-7	1.96938687503214283E-1
3.47000000000000020E-7	1.99320975688820701E-1
3.47500000000000053E-7	1.92686316338987318E-1
3.48000000000000043E-7	1.78728643150513156E-1
3.48500000000000032E-7	1.58514032253720649E-1
3.48999999999999977E-7	1.33311785486895706E-1
3.49500000000000011E-7	1.05064893281700167E-1
3.50000000000000044E-7	7.66074591722141029E-2
3.50500000000000034E-7	5.18218514259750318E-2
3.50999999999999979E-7	3.51026818515771399E-2
3.51500000000000057E-7	3.06034145007074754E-2
3.51999999999999957E-7	4.13720576540971052E-2
3.52500000000000036E-7	6.83700231806103176E-2
3.52999999999999980E-7	1.09358066451306257E-1
3.53500000000000014E-7	1.58359256474311749E-1
3.54000000000000004E-7	2.07183287856005593E-1
3.54500000000000037E-7	2.49006073701637654E-1
3.55000000000000027E-7	2.80728390682451190E-1
3.55499999999999972E-7	3.02065260827378790E-1
3.55999999999999961E-7	3.13701994449842392E-1
3.56500000000000039E-7	3.16141829382989625E-1
3.57000000000000117E-7	3.09267272523841497E-1
3.57500000000000018E-7	2.92181118191409439E-1
3.58000000000000052E-7	2.63176345861579053E-1
3.58500000000000041E-7	2.20006149259575245E-1
3.58999999999999986E-7	1.61039459657894302E-1
3.59500000000000064E-7	8.78615072611385983E-2
3.60000000000000053E-7	7.99096186576760026E-3
3.60500000000000043E-7	-6.66344399854561953E-2
3.61000000000000121E-7	-1.26557645505268335E-1
3.61499999999999932E-7	-1.69084017005545384E-1
3.62000000000000099E-7	-1.96018744115705656E-1
3.62500000000000000E-7	-2.10127230774090368E-1
3.63000000000000034E-7	-2.13587455196486431E-1
3.63499999999999979E-7	-2.07882688155231588E-1
3.64000000000000101E-7	-1.94131025773954335E-1
3.64500000000000046E-7	-1.73449758989181579E-1
3.64999999999999991E-7	-1.47286754200641035E-1
3.65499999999999980E-7	-1.17766989730253457E-1
3.66000000000000014E-7	-8.77620033224448193E-2
3.66500000000000048E-7	-6.06105682745571439E-2
3.67000000000000037E-7	-3.94357521797412680E-2
3.67500000000000071E-7	-2.63715390888864931E-2
3.67999999999999972E-7	-2.20829018358674345E-2
3.68500000000000005E-7	-2.57273710508537157E-2
3.68999999999999995E-7	-3.52059908372045172E-2
3.69500000000000028E-7	-4.75608520425914261E-2
3.70000000000000062E-7	-5.94964899657992596E-2
3.70500000000000052E-7	-6.78253171672902333E-2
3.70999999999999996E-7	-6.99071892495476455E-2
3.71500000000000075E-7	-6.38682926471766255E-2
3.72000000000000064E-7	-4.86655281724884858E-2
3.72500000000000053E-7	-2.42040078676846138E-2
3.73000000000000043E-7	8.36908711378356607E-3
3.73500000000000032E-7	4.64171223732009430E-2
3.74000000000000110E-7	8.61035021575999693E-2
3.74500000000000055E-7	1.23401430167965964E-1
3.75000000000000000E-7	1.55165548501529993E-1
3.75500000000000078E-7	1.79604193831068515E-1
3.75999999999999979E-7	1.96002359443274266E-1
3.76500000000000101E-7	2.04219881347520404E-1
3.77000000000000002E-7	2.04273994834952743E-1
3.77499999999999991E-7	1.96109925170514909E-1
3.78000000000000025E-7	1.79547188086592113E-1
3.78499999999999925E-7	1.54375371612692747E-1
3.79000000000000004E-7	1.20607189197292364E-1
3.79500000000000082E-7	7.89197530997555852E-2
3.80000000000000071E-7	3.11973074569630926E-2
3.80500000000000016E-7	-1.89829002783969947E-2
3.81000000000000005E-7	-6.69069703714558983E-2
3.81499999999999950E-7	-1.08176504991513966E-1
3.82000000000000028E-7	-1.40134374971586118E-1
3.82500000000000062E-7	-1.62439463816536200E-1
3.83000000000000052E-7	-1.76435811181318725E-1
3.83499999999999952E-7	-1.84110996812508643E-1
3.83999999999999986E-7	-1.87479491538401044E-1
3.84500000000000064E-7	-1.88408406631916314E-1
3.85000000000000009E-7	-1.88529893801161963E-1
3.85499999999999998E-7	-1.89382779633812071E-1
3.86000000000000121E-7	-1.92288225976404981E-1
3.86500000000000066E-7	-1.98205046476397118E-1
3.87000000000000099E-7	-2.07602908870079439E-1
3.87500000000000000E-7	-2.20363527195386499E-1
3.87999999999999989E-7	-2.35754830131627280E-1
3.88500000000000023E-7	-2.52542221748883033E-1
3.88999999999999968E-7	-2.69251112372666057E-1
3.89500000000000135E-7	-2.84494770187605051E-1
3.90000000000000036E-7	-2.97212250948351420E-1
3.90500000000000025E-7	-3.06771705345355583E-1
3.91000000000000014E-7	-3.12892268500425974E-1
3.91500000000000092E-7	-3.15494978788432467E-1
3.91999999999999993E-7	-3.14587828706163197E-1
3.92499999999999982E-7	-3.10218860189263079E-1
3.93000000000000016E-7	-3.02498678470172822E-1
3.93500000000000050E-7	-2.91680224118266374E-1
3.94000000000000039E-7	-2.78260753288819895E-1
3.94500000000000073E-7	-2.63062334487918159E-1
3.95000000000000062E-7	-2.47290544289398051E-1
3.95500000000000007E-7	-2.32278225791735293E-1
3.95999999999999952E-7	-2.19286286592063151E-1
3.96500000000000075E-7	-2.09263511391107526E-1
3.97000000000000020E-7	-2.02665222549767288E-1
3.97500000000000053E-7	-1.99369152490603363E-1
3.98000000000000043E-7	-1.98658718850818206E-1
3.98499999999999943E-7	-1.99236004314767601E-1
3.98999999999999977E-7	-1.99256732009233728E-1
3.99500000000000144E-7	-1.96389911342427270E-1
4.00000000000000089E-7	-1.87909453952189742E-1
4.00499999999999989E-7	-1.70929628869647332E-1
4.00999999999999979E-7	-1.42837355204449157E-1
4.01500000000000057E-7	-1.01975529158148359E-1
4.02000000000000046E-7	-4.87466256508845319E-2
4.02500000000000036E-7	1.34114000471636818E-2
4.03000000000000025E-7	7.84308407372204108E-2
4.03500000000000014E-7	1.39959381678197037E-1
4.04000000000000004E-7	1.93654421584559033E-1
4.04499999999999993E-7	2.37524536246852724E-1
4.05000000000000071E-7	2.71257459682484114E-1
4.05500000000000060E-7	2.95570903301662957E-1
4.06000000000000050E-7	3.11448115270917558E-1
4.06500000000000128E-7	3.19602682485142520E-1
4.07000000000000117E-7	3.20290958958974503E-1
4.07499999999999929E-7	3.13259778671429512E-1
4.08000000000000007E-7	2.97691051036917020E-1
4.08499999999999996E-7	2.72122696660856001E-1
4.08999999999999986E-7	2.34348972637328856E-1
4.09499999999999975E-7	1.81414987942551997E-1
4.10000000000000053E-7	1.10512256378364082E-1
4.10500000000000043E-7	2.26814448573915994E-2
4.10999999999999943E-7	-7.12480421783723816E-2
4.11500000000000110E-7	-1.54995957451547373E-1
4.12000000000000011E-7	-2.19958505078465150E-1
4.12500000000000000E-7	-2.66983443653620300E-1
4.13000000000000078E-7	-3.00289230093910353E-1
4.13499999999999979E-7	-3.23611824182180152E-1
4.14000000000000057E-7	-3.39407496120904595E-1
4.14499999999999957E-7	-3.49115336998864567E-1
4.15000000000000124E-7	-3.53447193091366119E-1
4.15499999999999936E-7	-3.52509595565847889E-1
4.16000000000000014E-7	-3.45874721739904079E-1
4.16500000000000092E-7	-3.32543175601240559E-1
4.17000000000000082E-7	-3.10916245123631851E-1
4.17499999999999982E-7	-2.78826133165758350E-1
4.17999999999999972E-7	-2.33661557762011896E-1
4.18500000000000050E-7	-1.72696226792352170E-1
4.18999999999999950E-7	-9.47085896868737720E-2
4.19500000000000117E-7	-5.71141269426643206E-3
4.20000000000000107E-7	7.74756335959709741E-2
4.20500000000000007E-7	1.39953472662328826E-1
4.20999999999999996E-7	1.79219558467155027E-1
4.21499999999999986E-7	1.99450369898852342E-1
4.22000000000000064E-7	2.04603397503425288E-1
4.22500000000000053E-7	1.96616590646333123E-1
4.22999999999999954E-7	1.75957501105058167E-1
4.23499999999999943E-7	1.42535826732936188E-1
4.24000000000000021E-7	9.68093045634134519E-2
4.24500000000000011E-7	4.13198453769580976E-2
4.25000000000000000E-7	-1.80106760279219413E-2
4.25500000000000078E-7	-7.23929657050552766E-2
4.25999999999999979E-7	-1.13390555440322016E-1
4.26499999999999968E-7	-1.36338517988771013E-1
4.27000000000000135E-7	-1.40387392341069273E-1
4.27500000000000124E-7	-1.25834613602530987E-1
4.28000000000000025E-7	-9.23076065576597493E-2
4.28500000000000014E-7	-3.91968599603181111E-2
4.29000000000000092E-7	3.14123219168671319E-2
4.29499999999999993E-7	1.10422934188817701E-1
4.29999999999999893E-7	1.83277968915935507E-1
4.30499999999999972E-7	2.40037230660584866E-1
4.31000000000000050E-7	2.79899364452841182E-1
4.31499999999999950E-7	3.06282537526610188E-1
4.32000000000000028E-7	3.22401978675432765E-1
4.32500000000000018E-7	3.30224434133924660E-1
4.33000000000000007E-7	3.30700651418438518E-1
4.33499999999999908E-7	3.24047740255076455E-1
4.34000000000000252E-7	3.09929292750145446E-1
4.34499999999999975E-7	2.87626459982082583E-1
4.34999999999999964E-7	2.56227085143849242E-1
4.35500000000000043E-7	2.14998697912004744E-1
4.36000000000000032E-7	1.63907663561178807E-1
4.36500000000000110E-7	1.04739029205534995E-1
4.37000000000000099E-7	4.22789575395296513E-2
4.37500000000000089E-7	-1.65151418958650464E-2
4.38000000000000078E-7	-6.59044381188231654E-2
4.38499999999999979E-7	-1.03770190629978254E-1
4.39000000000000057E-7	-1.30891791306642391E-1
4.39499999999999957E-7	-1.49072168101279079E-1
4.39999999999999947E-7	-1.59952603103595825E-1
4.40500000000000025E-7	-1.64796092397079663E-1
4.41000000000000014E-7	-1.64439939422695680E-1
4.41500000000000092E-7	-1.59365400401955593E-1
4.42000000000000082E-7	-1.49768094544141128E-1
4.42500000000000071E-7	-1.35632599676723853E-1
4.42999999999999972E-7	-1.16831945505721047E-1
4.43500000000000050E-7	-9.32528852884919779E-2
4.43999999999999950E-7	-6.49252800238779315E-2
4.44500000000000117E-7	-3.21379813292800565E-2
4.44999999999999929E-7	4.40460581244118021E-3
4.45500000000000096E-7	4.36673954173255652E-2
4.45999999999999996E-7	8.41666135267108473E-2
4.46499999999999986E-7	1.23945412940029387E-1
4.47000000000000064E-7	1.60754895804845788E-1
4.47500000000000053E-7	1.92463130411133365E-1
4.48000000000000043E-7	2.17511782301893053E-1
4.48500000000000032E-7	2.35157180380362796E-1
4.49000000000000021E-7	2.45397477331167613E-1
4.49500000000000011E-7	2.48708762231846459E-1
4.50000000000000089E-7	2.45781270037476185E-1
4.50499999999999901E-7	2.37222866188754500E-1
4.50999999999999979E-7	2.23494445896338823E-1
4.51499999999999968E-7	2.04879739628611590E-1
4.52000000000000046E-7	1.81474023128766992E-1
4.52500000000000036E-7	1.53222871961477791E-1
4.53000000000000114E-7	1.20048359018657314E-1
4.53500000000000014E-7	8.20859470581599204E-2
4.54000000000000092E-7	4.00185688848543286E-2
4.54499999999999993E-7	-4.55662976470189296E-3
4.55000000000000160E-7	-4.89555695034427529E-2
4.55499999999999972E-7	-8.95233004345780081E-2
4.56000000000000050E-7	-1.22598932706692176E-1
4.56500000000000039E-7	-1.45722859886829559E-1
4.57000000000000028E-7	-1.58196531669500873E-1
4.57500000000000018E-7	-1.60721165011754241E-1
4.58000000000000007E-7	-1.54711682980485965E-1
4.58499999999999996E-7	-1.41875673040560346E-1
4.58999999999999986E-7	-1.24161237313617745E-1
4.59500000000000064E-7	-1.03882066000372109E-1
4.59999999999999964E-7	-8.37592611178628133E-2
4.60500000000000043E-7	-6.67964944164672048E-2
4.60999999999999943E-7	-5.57503797175571325E-2
4.61500000000000110E-7	-5.25784587528347735E-2
4.62000000000000099E-7	-5.80294997966392589E-2
4.62500000000000089E-7	-7.14749562908143066E-2
4.62999999999999989E-7	-9.10082563804376399E-2
4.63499999999999979E-7	-1.13850661953657073E-1
4.63999999999999968E-7	-1.37004378306808650E-1
4.64500000000000046E-7	-1.57884248455259835E-1
4.65000000000000036E-7	-1.74588140920763579E-1
4.65500000000000114E-7	-1.85932145207091715E-1
4.66000000000000014E-7	-1.91223793603950365E-1
4.66500000000000004E-7	-1.89960902876920357E-1
4.67000000000000082E-7	-1.81632148768021962E-1
4.67499999999999893E-7	-1.65625374374743539E-1
4.68000000000000060E-7	-1.41262096407129434E-1
4.68500000000000050E-7	-1.08018122953092788E-1
4.68999999999999950E-7	-6.60494055116798329E-2
4.69500000000000028E-7	-1.71367509261275952E-2
4.69999999999999929E-7	3.42832414692689325E-2
4.70500000000000096E-7	8.16145042591654857E-2
4.70999999999999996E-7	1.18641550005778762E-1
4.71499999999999808E-7	1.42096803528406435E-1
4.72000000000000153E-7	1.51758903705996140E-1
4.72500000000000053E-7	1.48778804609120474E-1
4.73000000000000043E-7	1.34334946011978262E-1
4.73500000000000032E-7	1.09344222224791876E-1
4.74000000000000021E-7	7.49150165235393395E-2
4.74500000000000011E-7	3.31294870891219873E-2
4.75000000000000089E-7	-1.23560588314107211E-2
4.75500000000000078E-7	-5.65199101330643128E-2
4.76000000000000068E-7	-9.45806554163982049E-2
4.76499999999999968E-7	-1.23543052529290631E-1
4.76999999999999957E-7	-1.42465932889076496E-1
4.77500000000000036E-7	-1.51676616078742565E-1
4.77999999999999936E-7	-1.51968543870211992E-1
4.78500000000000103E-7	-1.44253721536569213E-1
4.79000000000000004E-7	-1.29518046260365027E-1
4.79499999999999993E-7	-1.08811198050458691E-1
4.79999999999999982E-7	-8.30867257265631132E-2
4.80499999999999972E-7	-5.33422799938233361E-2
4.81000000000000050E-7	-2.05224880359909312E-2
4.81500000000000039E-7	1.42349327110334700E-2
4.81999999999999851E-7	4.91452961880811934E-2
4.82500000000000107E-7	8.14711192963579478E-2
4.83000000000000096E-7	1.08126038169412908E-1
4.83500000000000085E-7	1.27257868056133105E-1
4.84000000000000075E-7	1.38581673403305872E-1
4.84500000000000064E-7	1.42057952993877468E-1
4.84999999999999964E-7	1.37418911216424933E-1
4.85499999999999954E-7	1.24624093251548862E-1
4.85999999999999943E-7	1.03630506216937768E-1
4.86500000000000021E-7	7.40155230377694551E-2
4.87000000000000011E-7	3.49399478043562173E-2
4.87500000000000000E-7	-1.41423821569456365E-2
4.88000000000000078E-7	-7.18773967189232188E-2
4.88500000000000068E-7	-1.33505399808435254E-1
4.88999999999999968E-7	-1.91531609799693725E-1
4.89499999999999957E-7	-2.39420969291163344E-1
4.90000000000000124E-7	-2.74549873143632350E-1
4.90500000000000025E-7	-2.97564503552976145E-1
4.91000000000000014E-7	-3.10519260163389932E-1
4.91500000000000181E-7	-3.15297234826563733E-1
4.92000000000000082E-7	-3.12859224130310976E-1
4.92500000000000071E-7	-3.03054210032491422E-1
4.93000000000000060E-7	-2.84617992544044807E-1
4.93500000000000050E-7	-2.55187601159668720E-1
4.93999999999999950E-7	-2.11295113252153621E-1
4.94500000000000028E-7	-1.48858335250722917E-1
4.94999999999999929E-7	-6.70037744410642233E-2
4.95500000000000096E-7	2.40899547883259002E-2
4.95999999999999996E-7	1.06916524937357726E-1
4.96500000000000075E-7	1.72061644502549838E-1
4.97000000000000064E-7	2.20337104172720499E-1
4.97500000000000053E-7	2.55402917397690565E-1
4.98000000000000131E-7	2.79690191080300643E-1
4.98500000000000032E-7	2.93473042074832202E-1
4.98999999999999844E-7	2.94950673295295163E-1
4.99500000000000011E-7	2.81582629644486815E-1
5.00000000000000089E-7	2.52689126331796077E-1


