time	real(VinPA[1])
0.00000000000000000E0	3.23598839001416749E-1
5.00000000000000000E-10	3.22825864052132827E-1
1.00000000000000000E-9	3.22825864052132827E-1
1.50000000000000000E-9	3.22825864052132872E-1
2.00000000000000000E-9	3.22825864052132827E-1
2.50000000000000000E-9	3.22825864052132872E-1
3.00000000000000000E-9	3.22825864052132827E-1
3.50000000000000044E-9	3.22825864052132872E-1
4.00000000000000000E-9	3.22825864052132827E-1
4.50000000000000089E-9	3.22843525438809964E-1
5.00000000000000000E-9	3.23040775935630808E-1
5.49999999999999911E-9	3.23383354488325070E-1
6.00000000000000000E-9	3.23810203926974527E-1
6.50000000000000000E-9	3.24242370589771234E-1
7.00000000000000089E-9	3.24596167595607676E-1
7.50000000000000000E-9	3.24798795904019766E-1
8.00000000000000000E-9	3.24803971320634810E-1
8.50000000000000178E-9	3.24604792115246710E-1
9.00000000000000178E-9	3.24241189912395411E-1
9.50000000000000178E-9	3.23782205681508817E-1
1.00000000000000000E-8	3.23190687489873607E-1
1.05000000000000027E-8	3.22646576170301502E-1
1.09999999999999987E-8	3.22353458441781537E-1
1.14999999999999991E-8	3.22501674648791603E-1
1.19999999999999996E-8	3.23227244339212394E-1
1.25000000000000022E-8	3.24573023569090591E-1
1.30000000000000004E-8	3.26459108076450111E-1
1.35000000000000009E-8	3.28669060791419065E-1
1.40000000000000013E-8	3.30857008822964183E-1
1.44999999999999996E-8	3.32595783948474155E-1
1.50000000000000000E-8	3.33556630069937476E-1
1.55000000000000004E-8	3.33240104990319352E-1
1.60000000000000009E-8	3.31227260608025631E-1
1.65000000000000013E-8	3.27270164152604304E-1
1.70000000000000040E-8	3.21374314557784713E-1
1.75000000000000022E-8	3.13858876094475114E-1
1.80000000000000027E-8	3.05381663566841377E-1
1.85000000000000031E-8	2.96918854008832422E-1
1.90000000000000036E-8	2.89694287478620760E-1
1.95000000000000040E-8	2.85041830523677886E-1
2.00000000000000000E-8	2.84117606293752445E-1
2.05000000000000027E-8	2.88052936541483184E-1
2.10000000000000053E-8	2.97591550587121656E-1
2.14999999999999947E-8	3.12905472380398209E-1
2.19999999999999973E-8	3.33449796402206733E-1
2.25000000000000044E-8	3.57880909176016848E-1
2.29999999999999982E-8	3.84057997525893713E-1
2.34999999999999964E-8	4.09139866820684706E-1
2.39999999999999991E-8	4.29778848773546684E-1
2.45000000000000018E-8	4.42419625512988723E-1
2.50000000000000044E-8	4.43772760910431963E-1
2.54999999999999982E-8	4.30855197223607966E-1
2.60000000000000009E-8	4.01535446962436104E-1
2.65000000000000036E-8	3.54870490950737638E-1
2.70000000000000018E-8	2.91357750773984847E-1
2.74999999999999956E-8	2.13065166062442790E-1
2.80000000000000027E-8	1.23612595066388620E-1
2.85000000000000053E-8	2.79919452571333505E-2
2.89999999999999991E-8	-6.77697290654132445E-2
2.95000000000000107E-8	-1.57099888945181121E-1
3.00000000000000000E-8	-2.33575716712308790E-1
3.05000000000000071E-8	-2.91196933539948688E-1
3.10000000000000009E-8	-3.25152665924953732E-1
3.15000000000000036E-8	-3.32349181850987296E-1
3.20000000000000018E-8	-3.11804857829178417E-1
3.25000000000000000E-8	-2.64863307336057963E-1
3.30000000000000027E-8	-1.95191872555536960E-1
3.35000000000000009E-8	-1.08553456185374952E-1
3.40000000000000080E-8	-1.23628706953105039E-2
3.45000000000000018E-8	8.49556089689566640E-2
3.50000000000000044E-8	1.74845852158735138E-1
3.54999999999999893E-8	2.49086128723157119E-1
3.60000000000000053E-8	3.00741736930405068E-1
3.64999999999999991E-8	3.24853927166939238E-1
3.70000000000000062E-8	3.18958077572119203E-1
3.75000000000000000E-8	2.83373352416853752E-1
3.80000000000000071E-8	2.21227687299677633E-1
3.85000000000000009E-8	1.38208076097627908E-1
3.90000000000000080E-8	4.20541124991011728E-2
3.95000000000000062E-8	-5.81780489945989210E-2
4.00000000000000000E-8	-1.53104910683043771E-1
4.05000000000000071E-8	-2.33598044090505841E-1
4.10000000000000053E-8	-2.91844780318028141E-1
4.15000000000000036E-8	-3.22126629787993579E-1
4.20000000000000107E-8	-3.21401060097572167E-1
4.25000000000000089E-8	-2.89625215190717977E-1
4.29999999999999893E-8	-2.29785512184355722E-1
4.35000000000000053E-8	-1.47626537381496226E-1
4.39999999999999947E-8	-5.11032458531414324E-2
4.44999999999999929E-8	5.04087065351820307E-2
4.50000000000000089E-8	1.47159914052320961E-1
4.55000000000000160E-8	2.29663820969338284E-1
4.59999999999999964E-8	2.89801817120860550E-1
4.65000000000000036E-8	3.21632074129116141E-1
4.69999999999999929E-8	3.21985871134952095E-1
4.75000000000000089E-8	2.90790409097904590E-1
4.79999999999999982E-8	2.31084437801671916E-1
4.84999999999999964E-8	1.48723930231934576E-1
4.90000000000000036E-8	5.18063710086782958E-2
4.94999999999999929E-8	-5.01469042237676543E-2
5.00000000000000089E-8	-1.47261713943757666E-1
5.04999999999999982E-8	-2.29964800066188690E-1
5.09999999999999964E-8	-2.90097620801070555E-1
5.15000000000000036E-8	-3.21725249500914146E-1
5.20000000000000018E-8	-3.21725249500913613E-1
5.25000000000000178E-8	-2.90097620801069445E-1
5.30000000000000071E-8	-2.29964800066186958E-1
5.35000000000000053E-8	-1.47261713943755335E-1
5.40000000000000036E-8	-5.01469042237654605E-2
5.45000000000000018E-8	5.18240323954446680E-2
5.49999999999999911E-8	1.48773129153382899E-1
5.54999999999999893E-8	2.31152228704014728E-1
5.60000000000000053E-8	2.90850689527625228E-1
5.65000000000000036E-8	3.21995097430655353E-1
5.70000000000000107E-8	3.21527595660904675E-1
5.75000000000000000E-8	2.89505718736121898E-1
5.79999999999999982E-8	2.29094265236064620E-1
5.85000000000000053E-8	1.46250308345546731E-1
5.90000000000000213E-8	4.91328767174604142E-2
5.95000000000000107E-8	-5.27215501420847943E-2
6.00000000000000000E-8	-1.49468812694428133E-1
6.05000000000000071E-8	-2.31602514608090893E-1
6.10000000000000142E-8	-2.91054404199578842E-1
6.15000000000000124E-8	-3.21987391143730850E-1
6.20000000000000018E-8	-3.21368824265068964E-1
6.25000000000000089E-8	-2.89267577362310213E-1
6.30000000000000071E-8	-2.28845713016677443E-1
6.34999999999999964E-8	-1.46045627970479863E-1
6.40000000000000036E-8	-4.90036535566435383E-2
6.44999999999999929E-8	5.27636613368076723E-2
6.50000000000000000E-8	1.49382137363264800E-1
6.55000000000000071E-8	2.31374670451485187E-1
6.60000000000000053E-8	2.90702336243078108E-1
6.65000000000000036E-8	3.21553404277759114E-1
6.70000000000000018E-8	3.20913012993437885E-1
6.75000000000000000E-8	2.88857391380964756E-1
6.80000000000000160E-8	2.28543709005103013E-1
6.85000000000000053E-8	1.45896731873259045E-1
6.90000000000000036E-8	4.90234700076281982E-2
6.95000000000000107E-8	-5.25919551868257074E-2
7.00000000000000089E-8	-1.49064380942104746E-1
7.05000000000000071E-8	-2.30970084014722543E-1
7.09999999999999787E-8	-2.90324765070398660E-1
7.14999999999999947E-8	-3.21362674195420572E-1
7.20000000000000107E-8	-3.21095588753014960E-1
7.25000000000000000E-8	-2.89597134071385431E-1
7.29999999999999982E-8	-2.29985354245593454E-1
7.35000000000000142E-8	-1.48106496314170966E-1
7.40000000000000124E-8	-5.19526361834357520E-2
7.45000000000000018E-8	4.91397154822583193E-2
7.50000000000000000E-8	1.45491710094633131E-1
7.54999999999999982E-8	2.27809575723605651E-1
7.60000000000000142E-8	2.88194274596347810E-1
7.65000000000000124E-8	3.20898691776755651E-1
7.70000000000000018E-8	3.22869669465467002E-1
7.75000000000000000E-8	2.94023596794659969E-1
7.80000000000000160E-8	2.37231067900135129E-1
7.85000000000000142E-8	1.58015120997048641E-1
7.90000000000000124E-8	6.39958291255755451E-2
7.95000000000000107E-8	-3.58789723236053604E-2
8.00000000000000000E-8	-1.32332013224467970E-1
8.05000000000000071E-8	-2.16321076676578183E-1
8.10000000000000142E-8	-2.80057696648189625E-1
8.14999999999999858E-8	-3.17727808964815717E-1
8.20000000000000107E-8	-3.26012215117663162E-1
8.25000000000000000E-8	-3.04359600387597018E-1
8.30000000000000071E-8	-2.54989791155206857E-1
8.34999999999999964E-8	-1.82631688827887206E-1
8.40000000000000213E-8	-9.40261968051811081E-2
8.45000000000000107E-8	2.77075376028691256E-3
8.50000000000000178E-8	9.93067438857095297E-2
8.55000000000000249E-8	1.87217677547186234E-1
8.59999999999999787E-8	2.59174816636229766E-1
8.65000000000000036E-8	3.09549109608280482E-1
8.70000000000000107E-8	3.34896589291851043E-1
8.75000000000000178E-8	3.34221410622284720E-1
8.79999999999999893E-8	3.08995519808536612E-1
8.84999999999999964E-8	2.62938037122916946E-1
8.89999999999999858E-8	2.01580827552510522E-1
8.95000000000000107E-8	1.31661276019015250E-1
9.00000000000000178E-8	6.03742685273839541E-2
9.05000000000000249E-8	-5.25300867729311705E-3
9.10000000000000320E-8	-5.91154402809652257E-2
9.15000000000000036E-8	-9.66216358760688188E-2
9.19999999999999929E-8	-1.15121189735554053E-1
9.25000000000000178E-8	-1.14127587509566064E-1
9.30000000000000071E-8	-9.53174658089477056E-2
9.35000000000000320E-8	-6.23092597729024789E-2
9.39999999999999858E-8	-2.02460800712063849E-2
9.45000000000000107E-8	2.47731747429277593E-2
9.50000000000000178E-8	6.63557904766603635E-2
9.55000000000000071E-8	9.85028318662607916E-2
9.59999999999999964E-8	1.16252828472707326E-1
9.65000000000000213E-8	1.16216829699358848E-1
9.69999999999999929E-8	9.69512851027798206E-2
9.75000000000000000E-8	5.91316245718852418E-2
9.80000000000000071E-8	5.50943086326203968E-3
9.85000000000000142E-8	-5.93422763752764304E-2
9.89999999999999858E-8	-1.29470036051750848E-1
9.95000000000000107E-8	-1.98123146856730137E-1
1.00000000000000022E-7	-2.58420985740608078E-1
1.00500000000000012E-7	-3.04038168796487263E-1
1.01000000000000001E-7	-3.29839716478107770E-1
1.01500000000000012E-7	-3.32403575001026352E-1
1.02000000000000002E-7	-3.10379240687359559E-1
1.02500000000000013E-7	-2.64647662648307902E-1
1.03000000000000003E-7	-1.98267386078442720E-1
1.03500000000000014E-7	-1.16213034978374119E-1
1.04000000000000004E-7	-2.49325836280200086E-2
1.04499999999999993E-7	6.82208382988203255E-2
1.05000000000000027E-7	1.55513863290948962E-1
1.05500000000000016E-7	2.29900146189720811E-1
1.06000000000000005E-7	2.85367284899458395E-1
1.06499999999999995E-7	3.17503569114056861E-1
1.07000000000000006E-7	3.23854861043050057E-1
1.07499999999999973E-7	3.04094732229220854E-1
1.08000000000000007E-7	2.59997035955827371E-1
1.08500000000000063E-7	1.95219774756533404E-1
1.09000000000000008E-7	1.14927310105652136E-1
1.09500000000000020E-7	2.53045812493084910E-2
1.09999999999999987E-7	-6.68728937616443808E-2
1.10500000000000020E-7	-1.55206566786214939E-1
1.10999999999999988E-7	-2.33927180445894756E-1
1.11499999999999999E-7	-2.98383202603282216E-1
1.12000000000000011E-7	-3.45346902789061883E-1
1.12500000000000022E-7	-3.73171081522499604E-1
1.13000000000000012E-7	-3.81792788737531286E-1
1.13500000000000023E-7	-3.72596101095469656E-1
1.14000000000000012E-7	-3.48159404435505948E-1
1.14500000000000002E-7	-3.11934068699571521E-1
1.14999999999999991E-7	-2.68006552581945634E-1
1.15500000000000025E-7	-2.20334751914866356E-1
1.15999999999999992E-7	-1.72692798782855506E-1
1.16500000000000004E-7	-1.28353521053225794E-1
1.17000000000000015E-7	-8.99087911907473014E-2
1.17499999999999982E-7	-5.91798124660747416E-2
1.18000000000000038E-7	-3.72112244909004231E-2
1.18500000000000005E-7	-2.43337187078115980E-2
1.19000000000000017E-7	-2.02737392070575329E-2
1.19499999999999984E-7	-2.42863744486534161E-2
1.19999999999999996E-7	-3.52377961531953421E-2
1.20499999999999963E-7	-5.18846649460492237E-2
1.21000000000000019E-7	-7.27922912660864263E-2
1.21499999999999986E-7	-9.64400971384294969E-2
1.22000000000000020E-7	-1.21245931809511798E-1
1.22500000000000031E-7	-1.45572828785390529E-1
1.23000000000000020E-7	-1.67732534366490027E-1
1.23499999999999988E-7	-1.86000975113449618E-1
1.23999999999999999E-7	-1.98658601389621037E-1
1.24500000000000033E-7	-2.04063618980156480E-1
1.25000000000000022E-7	-2.00810257128452596E-1
1.25499999999999989E-7	-1.87699946590862843E-1
1.26000000000000023E-7	-1.64058435702190142E-1
1.26499999999999968E-7	-1.29827381453605373E-1
1.27000000000000002E-7	-8.56806390874254298E-2
1.27499999999999991E-7	-3.30899654466499671E-2
1.28000000000000003E-7	2.56783311652764912E-2
1.28500000000000036E-7	8.76474052563499839E-2
1.28999999999999981E-7	1.49296993404887446E-1
1.29499999999999993E-7	2.06811623687825907E-1
1.30000000000000004E-7	2.56473236102523527E-1
1.30500000000000038E-7	2.94713847198477774E-1
1.31000000000000005E-7	3.18668035804542171E-1
1.31499999999999995E-7	3.26414834700485645E-1
1.32000000000000006E-7	3.17203534503691920E-1
1.32500000000000018E-7	2.91582534635260071E-1
1.33000000000000007E-7	2.51412667307671311E-1
1.33499999999999974E-7	1.99758177979720508E-1
1.34000000000000008E-7	1.40661493621837663E-1
1.34500000000000042E-7	7.88264312965776348E-2
1.35000000000000009E-7	1.92189071632447073E-2
1.35499999999999998E-7	-3.33038439067479475E-2
1.36000000000000032E-7	-7.45155344898319605E-2
1.36500000000000021E-7	-1.01125506325746706E-1
1.37000000000000011E-7	-1.11048216597162597E-1
1.37499999999999978E-7	-1.03558653653961685E-1
1.38000000000000012E-7	-7.93199488737820069E-2
1.38499999999999979E-7	-4.02828819091527635E-2
1.39000000000000012E-7	1.05297817495132029E-2
1.39500000000000002E-7	6.93178429157012665E-2
1.40000000000000013E-7	1.31834091389838570E-1
1.40500000000000025E-7	1.93831005919696842E-1
1.41000000000000014E-7	2.51480689584500450E-1
1.41500000000000004E-7	3.01627892632233285E-1
1.41999999999999948E-7	3.42011149468204811E-1
1.42500000000000027E-7	3.71382225536296184E-1
1.42999999999999994E-7	3.89518971587620122E-1
1.43499999999999983E-7	3.97138399260336694E-1
1.44000000000000017E-7	3.95727023766112485E-1
1.44500000000000028E-7	3.87324925946106857E-1
1.44999999999999996E-7	3.74302389776890987E-1
1.45500000000000007E-7	3.59040396746763246E-1
1.45999999999999996E-7	3.43646335224009913E-1
1.46500000000000030E-7	3.29831296659119211E-1
1.47000000000000020E-7	3.18799690127646640E-1
1.47500000000000053E-7	3.11208040932025742E-1
1.48000000000000020E-7	3.07187923565945420E-1
1.48500000000000032E-7	3.06420625230209609E-1
1.48999999999999999E-7	3.08246149798981284E-1
1.49499999999999988E-7	3.11792937588177166E-1
1.50000000000000000E-7	3.16191001417393247E-1
1.50500000000000034E-7	3.20395541212088375E-1
1.51000000000000001E-7	3.23483452901156188E-1
1.51499999999999990E-7	3.24643510463260832E-1
1.52000000000000024E-7	3.23190354268095081E-1
1.52500000000000036E-7	3.18556453348513191E-1
1.53000000000000025E-7	3.10272674774696089E-1
1.53499999999999992E-7	2.97949330344835461E-1
1.54000000000000004E-7	2.81268519382785964E-1
1.54499999999999971E-7	2.59989595486749314E-1
1.55000000000000004E-7	2.33889472365667794E-1
1.55500000000000016E-7	2.03093212308901094E-1
1.56000000000000028E-7	1.67915155371661928E-1
1.56499999999999995E-7	1.28974668725665564E-1
1.57000000000000028E-7	8.72451315051390708E-2
1.57499999999999996E-7	4.40758164787582096E-2
1.58000000000000029E-7	1.17548548329164926E-3
1.58500000000000041E-7	-3.94492571440576167E-2
1.59000000000000030E-7	-7.56021043166272921E-2
1.59500000000000020E-7	-1.05046512841775441E-1
1.60000000000000009E-7	-1.25634121987488023E-1
1.60500000000000043E-7	-1.35661200098236234E-1
1.61000000000000010E-7	-1.33886462044381815E-1
1.61499999999999999E-7	-1.19741484895256356E-1
1.62000000000000033E-7	-9.34418394703480359E-2
1.62500000000000000E-7	-5.60368385227290577E-2
1.62999999999999989E-7	-9.38869362620691028E-3
1.63500000000000023E-7	4.39208609668412908E-2
1.64000000000000035E-7	1.00750702222798805E-1
1.64499999999999980E-7	1.57602420452471970E-1
1.65000000000000013E-7	2.10750651138587974E-1
1.65500000000000025E-7	2.56840005334737098E-1
1.66000000000000014E-7	2.92908773164895120E-1
1.66500000000000004E-7	3.16631637242780029E-1
1.66999999999999993E-7	3.26470872677308321E-1
1.67500000000000004E-7	3.21759455405265538E-1
1.68000000000000038E-7	3.02711498089112929E-1
1.68500000000000005E-7	2.70363016008887058E-1
1.69000000000000017E-7	2.26452909531356683E-1
1.69500000000000028E-7	1.73271216413135010E-1
1.70000000000000040E-7	1.13571082669896795E-1
1.70500000000000052E-7	5.00914716960691475E-2
1.71000000000000041E-7	-1.44576577865710520E-2
1.71499999999999986E-7	-7.75637932123469742E-2
1.71999999999999975E-7	-1.37023179346777191E-1
1.72500000000000009E-7	-1.91009364671194337E-1
1.72999999999999998E-7	-2.38101470841730301E-1
1.73500000000000010E-7	-2.77279460311609416E-1
1.74000000000000021E-7	-3.07896821515352492E-1
1.74499999999999988E-7	-3.29642236706183489E-1
1.75000000000000022E-7	-3.42534876906356622E-1
1.75499999999999989E-7	-3.46784204508047988E-1
1.75999999999999979E-7	-3.42882826277713182E-1
1.76499999999999990E-7	-3.31563895167077760E-1
1.77000000000000002E-7	-3.13800155500471467E-1
1.77500000000000013E-7	-2.90801372058242746E-1
1.77999999999999980E-7	-2.64000727449866357E-1
1.78500000000000059E-7	-2.35021166884482779E-1
1.79000000000000026E-7	-2.05615008334618610E-1
1.79499999999999993E-7	-1.77585902559071762E-1
1.80000000000000027E-7	-1.52705422842409488E-1
1.80500000000000060E-7	-1.32513747692383133E-1
1.81000000000000050E-7	-1.18121684081210643E-1
1.81500000000000017E-7	-1.10135547920191135E-1
1.82000000000000051E-7	-1.08560010904655235E-1
1.82499999999999996E-7	-1.12747863154003491E-1
1.83000000000000007E-7	-1.21408686624125361E-1
1.83500000000000019E-7	-1.32682536858073918E-1
1.83999999999999986E-7	-1.44277500785192503E-1
1.84499999999999997E-7	-1.53644659230111014E-1
1.85000000000000031E-7	-1.58134186001608512E-1
1.85499999999999998E-7	-1.55421314224187324E-1
1.86000000000000032E-7	-1.43746988048037871E-1
1.86500000000000021E-7	-1.22065800517044654E-1
1.87000000000000055E-7	-9.01858034160319377E-2
1.87500000000000000E-7	-4.88307701690645768E-2
1.87999999999999989E-7	3.83284118557004128E-4
1.88500000000000001E-7	5.50562991578753103E-2
1.89000000000000012E-7	1.12186903913652314E-1
1.89500000000000002E-7	1.68399775382333505E-1
1.90000000000000036E-7	2.20149812019998148E-1
1.90500000000000003E-7	2.64171658697718925E-1
1.91000000000000014E-7	2.97678818139073931E-1
1.91500000000000026E-7	3.18551681864765701E-1
1.91999999999999993E-7	3.25477764719770679E-1
1.92500000000000004E-7	3.18017429146859865E-1
1.93000000000000060E-7	2.96594827462141719E-1
1.93500000000000050E-7	2.62421999808062401E-1
1.93999999999999995E-7	2.17370676815166775E-1
1.94499999999999984E-7	1.63804666217850259E-1
1.95000000000000018E-7	1.04362553139474712E-1
1.95500000000000007E-7	4.19014212705106104E-2
1.95999999999999996E-7	-2.07092323758904007E-2
1.96500000000000008E-7	-8.07107369997381596E-2
1.97000000000000020E-7	-1.35547695728544237E-1
1.97500000000000031E-7	-1.82932201381433712E-1
1.97999999999999976E-7	-2.20886906592039090E-1
1.98500000000000010E-7	-2.47776640282638105E-1
1.99000000000000021E-7	-2.62338568667935412E-1
1.99499999999999988E-7	-2.63713020940764986E-1
2.00000000000000044E-7	-2.51448654029632923E-1
2.00499999999999989E-7	-2.25672943422985917E-1
2.01000000000000023E-7	-1.87095941802759924E-1
2.01500000000000012E-7	-1.37059621990189817E-1
2.02000000000000002E-7	-7.75636591317142354E-2
2.02500000000000036E-7	-1.12532336622973994E-2
2.03000000000000025E-7	5.86434876585770049E-2
2.03500000000000059E-7	1.28435963419180732E-1
2.04000000000000004E-7	1.94151169832662451E-1
2.04499999999999993E-7	2.51772075914325377E-1
2.05000000000000027E-7	2.97584607033907433E-1
2.05499999999999972E-7	3.28242560350450852E-1
2.06000000000000005E-7	3.41214274445823129E-1
2.06500000000000039E-7	3.34991165782215328E-1
2.07000000000000028E-7	3.09267724553372414E-1
2.07500000000000062E-7	2.65034584362331938E-1
2.08000000000000007E-7	2.04569193268534466E-1
2.08500000000000041E-7	1.31318428729437509E-1
2.08999999999999986E-7	4.96784874845245561E-2
2.09499999999999975E-7	-3.53058531910263929E-2
2.10000000000000053E-7	-1.18300478148802202E-1
2.10499999999999998E-7	-1.94081998571568803E-1
2.11000000000000032E-7	-2.57981428400266166E-1
2.11499999999999977E-7	-3.06191154891592632E-1
2.12000000000000011E-7	-3.36030567596567220E-1
2.12500000000000000E-7	-3.46111704957908284E-1
2.12999999999999989E-7	-3.36392074278820052E-1
2.13500000000000068E-7	-3.08113438535146988E-1
2.14000000000000012E-7	-2.63636858500716764E-1
2.14500000000000046E-7	-2.06194316416080259E-1
2.14999999999999947E-7	-1.39550741893240238E-1
2.15500000000000025E-7	-6.77854849646411939E-2
2.16000000000000014E-7	5.13884635543144341E-3
2.16500000000000004E-7	7.56227865603679028E-2
2.17000000000000126E-7	1.40650186356629514E-1
2.17499999999999982E-7	1.97931825238770909E-1
2.18000000000000016E-7	2.45966921251467285E-1
2.18500000000000050E-7	2.84026298404954813E-1
2.19000000000000039E-7	3.12069055132501028E-1
2.19500000000000028E-7	3.30610556055466986E-1
2.19999999999999973E-7	3.40562878790493251E-1
2.20500000000000007E-7	3.43069297081851632E-1
2.21000000000000041E-7	3.39352158716635310E-1
2.21499999999999986E-7	3.30589139956015510E-1
2.21999999999999975E-7	3.17827088161842486E-1
2.22499999999999964E-7	3.01936387029867959E-1
2.22999999999999998E-7	2.83602878955242099E-1
2.23500000000000032E-7	2.63349619948889435E-1
2.24000000000000021E-7	2.41577670178073189E-1
2.24500000000000011E-7	2.18596344157199951E-1
2.25000000000000044E-7	1.94540532218631523E-1
2.25499999999999989E-7	1.69742423999509340E-1
2.26000000000000023E-7	1.44575598751340451E-1
2.26500000000000057E-7	1.19440716845312256E-1
2.27000000000000046E-7	9.47307846131195141E-2
2.27500000000000080E-7	7.07835893202905808E-2
2.28000000000000025E-7	4.78314036282243826E-2
2.28500000000000014E-7	2.59588007650281138E-2
2.29000000000000004E-7	5.07832193765559659E-3
2.29499999999999993E-7	-1.50513481885974354E-2
2.29999999999999982E-7	-3.46873696709810675E-2
2.30499999999999972E-7	-5.43338763390660251E-2
2.31000000000000050E-7	-7.45535784863313200E-2
2.31499999999999995E-7	-9.58558334208451335E-2
2.31999999999999984E-7	-1.18599350785263891E-1
2.32500000000000018E-7	-1.42906344068504021E-1
2.33000000000000007E-7	-1.68602122939570864E-1
2.33500000000000041E-7	-1.95191555792093796E-1
2.34000000000000030E-7	-2.21879471283461882E-1
2.34499999999999975E-7	-2.47636429757336174E-1
2.34999999999999964E-7	-2.71322076218977859E-1
2.35499999999999998E-7	-2.91766773556438341E-1
2.36000000000000076E-7	-3.07978085355988762E-1
2.36500000000000021E-7	-3.19269212566716565E-1
2.37000000000000011E-7	-3.25380473983839025E-1
2.37500000000000044E-7	-3.26557930276276487E-1
2.38000000000000034E-7	-3.23575001007803165E-1
2.38499999999999979E-7	-3.17689048301001709E-1
2.38999999999999968E-7	-3.10532432993604246E-1
2.39500000000000002E-7	-3.03963295726084670E-1
2.39999999999999991E-7	-2.99948637027206733E-1
2.40500000000000025E-7	-3.00102390935662777E-1
2.40999999999999925E-7	-3.05516641041073278E-1
2.41500000000000048E-7	-3.16610800321134267E-1
2.42000000000000037E-7	-3.33007114139883242E-1
2.42499999999999982E-7	-3.53486627998322378E-1
2.42999999999999972E-7	-3.76036210440477348E-1
2.43500000000000005E-7	-3.97987468345237128E-1
2.44000000000000039E-7	-4.16238147379321433E-1
2.44499999999999984E-7	-4.27519381650851660E-1
2.45000000000000062E-7	-4.28624738517958548E-1
2.45500000000000007E-7	-4.16968150523561398E-1
2.46000000000000041E-7	-3.90824802782343328E-1
2.46500000000000030E-7	-3.49525617285987167E-1
2.46999999999999975E-7	-2.93596044141434387E-1
2.47499999999999964E-7	-2.24787556789884890E-1
2.47999999999999998E-7	-1.45996656797154567E-1
2.48500000000000032E-7	-6.10778072332214261E-2
2.49000000000000066E-7	2.54324194605036524E-2
2.49499999999999922E-7	1.08642026957011684E-1
2.50000000000000044E-7	1.83571157785500239E-1
2.50500000000000078E-7	2.45798619444776278E-1
2.50999999999999979E-7	2.91620793416666624E-1
2.51500000000000012E-7	3.18325698350754527E-1
2.52000000000000046E-7	3.24361053775446972E-1
2.52499999999999991E-7	3.09404331152049483E-1
2.52999999999999936E-7	2.74335637494256535E-1
2.53500000000000059E-7	2.21124020572462987E-1
2.54000000000000004E-7	1.52645583411036045E-1
2.54499999999999993E-7	7.24509137514677093E-2
2.54999999999999982E-7	-1.55064541447885507E-2
2.55500000000000060E-7	-1.07053420312871772E-1
2.56000000000000005E-7	-1.98016540688672560E-1
2.56499999999999995E-7	-2.84424575704644944E-1
2.57000000000000073E-7	-3.62652547281788751E-1
2.57500000000000018E-7	-4.29525583257075461E-1
2.57999999999999963E-7	-4.82388678492783018E-1
2.58499999999999996E-7	-5.19152069789199189E-1
2.58999999999999986E-7	-5.38323072289612536E-1
2.59500000000000020E-7	-5.39022130391595766E-1
2.60000000000000009E-7	-5.20928308038951116E-1
2.60500000000000043E-7	-4.84539411687772503E-1
2.61000000000000076E-7	-4.31091257800348426E-1
2.61500000000000021E-7	-3.62573855992831806E-1
2.62000000000000011E-7	-2.81722100842554335E-1
2.62500000000000089E-7	-1.91968371942141847E-1
2.62999999999999989E-7	-9.73462719914155272E-2
2.63500000000000068E-7	-2.33899760112052224E-3
2.64000000000000012E-7	8.83279186243397341E-2
2.64499999999999957E-7	1.69942324229369279E-1
2.65000000000000036E-7	2.38128828434008577E-1
2.65500000000000069E-7	2.89041308685064990E-1
2.66000000000000014E-7	3.19762904943406356E-1
2.66500000000000004E-7	3.28517387696474383E-1
2.66999999999999948E-7	3.14846960490178507E-1
2.67500000000000027E-7	2.79699101629206037E-1
2.68000000000000016E-7	2.25408135523415343E-1
2.68500000000000005E-7	1.55567076427994255E-1
2.69000000000000083E-7	7.47961677111084100E-2
2.69500000000000028E-7	-1.15807154308084437E-2
2.70000000000000018E-7	-9.79900426715807882E-2
2.70499999999999963E-7	-1.78791239484697084E-1
2.70999999999999996E-7	-2.48842371155607234E-1
2.71500000000000030E-7	-3.03822443807190989E-1
2.72000000000000064E-7	-3.40516535693764943E-1
2.72500000000000009E-7	-3.57004997878984431E-1
2.73000000000000043E-7	-3.52743179563608500E-1
2.73499999999999943E-7	-3.28529176973360570E-1
2.74000000000000021E-7	-2.86368070984115608E-1
2.74500000000000011E-7	-2.29250768085670442E-1
2.74999999999999956E-7	-1.60872844873882537E-1
2.75499999999999989E-7	-8.53229888291374294E-2
2.76000000000000023E-7	-6.77139746524453212E-3
2.76500000000000012E-7	7.08140598532616394E-2
2.76999999999999957E-7	1.43901504046412354E-1
2.77500000000000036E-7	2.09563530188137648E-1
2.78000000000000025E-7	2.65573927772577756E-1
2.78499999999999970E-7	3.10434397229721837E-1
2.79000000000000004E-7	3.43340296679858170E-1
2.79500000000000037E-7	3.64099858964820111E-1
2.80000000000000027E-7	3.73058331499386098E-1
2.80500000000000016E-7	3.70867907405066655E-1
2.81000000000000050E-7	3.58484055372665589E-1
2.81500000000000039E-7	3.37032548343488569E-1
2.82000000000000028E-7	3.07736386237542670E-1
2.82500000000000018E-7	2.71869366699996018E-1
2.83000000000000007E-7	2.30733627067726843E-1
2.83499999999999996E-7	1.85654741317745176E-1
2.83999999999999897E-7	1.37985727413298154E-1
2.84500000000000020E-7	8.91166835010450242E-2
2.85000000000000053E-7	4.04614552087546553E-2
2.85500000000000087E-7	-6.51062390345648900E-3
2.85999999999999988E-7	-5.04213358419092472E-2
2.86500000000000110E-7	-8.99785928660296008E-2
2.86999999999999966E-7	-1.24033021564973134E-1
2.87500000000000000E-7	-1.51636639549184293E-1
2.88000000000000034E-7	-1.72096287087228594E-1
2.88500000000000023E-7	-1.85014761291474539E-1
2.89000000000000057E-7	-1.90313987389438832E-1
2.89499999999999957E-7	-1.88242667561062804E-1
2.89999999999999991E-7	-1.79364078676746663E-1
2.90499999999999980E-7	-1.64511037583090070E-1
2.91000000000000014E-7	-1.44673407773117768E-1
2.91500000000000048E-7	-1.20968626489885733E-1
2.91999999999999993E-7	-9.45750085664782070E-2
2.92500000000000027E-7	-6.66689956662431626E-2
2.93000000000000060E-7	-3.83708095052581122E-2
2.93499999999999961E-7	-1.07011588910733169E-2
2.94000000000000039E-7	1.54502763435309221E-2
2.94499999999999984E-7	3.93455539601067361E-2
2.95000000000000107E-7	6.04274986412600512E-2
2.95500000000000007E-7	7.82711087293571417E-2
2.96000000000000041E-7	9.26419310290158293E-2
2.96499999999999986E-7	1.03478821386697373E-1
2.97000000000000064E-7	1.10892141853508219E-1
2.97500000000000053E-7	1.15158529460811399E-1
2.97999999999999998E-7	1.16710021106755568E-1
2.98499999999999988E-7	1.16114832793890388E-1
2.98999999999999977E-7	1.14047342679529473E-1
2.99500000000000055E-7	1.11257640901597710E-1
3.00000000000000000E-7	1.08584826903600984E-1
3.00499999999999989E-7	1.06721090975088728E-1
3.01000000000000068E-7	1.06200360624703993E-1
3.01500000000000057E-7	1.07355372650857550E-1
3.02000000000000002E-7	1.10270115594101936E-1
3.02500000000000036E-7	1.14752358820762024E-1
3.02999999999999980E-7	1.20331870453356271E-1
3.03500000000000014E-7	1.26287526642779913E-1
3.04000000000000048E-7	1.31703392133625052E-1
3.04500000000000037E-7	1.35538611802811237E-1
3.05000000000000071E-7	1.36626532025131553E-1
3.05500000000000060E-7	1.34066105616192566E-1
3.06000000000000050E-7	1.27160800905379379E-1
3.06499999999999995E-7	1.15524223653904001E-1
3.06999999999999984E-7	9.91409799773712486E-2
3.07500000000000062E-7	7.83932321966916312E-2
3.08000000000000007E-7	5.40495093551483397E-2
3.08500000000000085E-7	2.72166028176685870E-2
3.08999999999999941E-7	-7.40444008877105908E-4
3.09499999999999975E-7	-2.82958233089473143E-2
3.10000000000000009E-7	-5.38535307056919699E-2
3.10499999999999998E-7	-7.59225116571213654E-2
3.11000000000000032E-7	-9.32215876895259576E-2
3.11500000000000021E-7	-1.04744125054174897E-1
3.12000000000000055E-7	-1.09812022900798367E-1
3.12500000000000000E-7	-1.08099261224368393E-1
3.12999999999999989E-7	-9.96269907590463433E-2
3.13499999999999979E-7	-8.47356094948128202E-2
3.14000000000000057E-7	-6.40416262298816097E-2
3.14500000000000046E-7	-3.83880237546773140E-2
3.14999999999999991E-7	-8.79619755296491768E-3
3.15500000000000025E-7	2.35744944839150161E-2
3.16000000000000059E-7	5.74566037375360938E-2
3.16500000000000048E-7	9.14944607118719588E-2
3.17000000000000082E-7	1.24257999391444018E-1
3.17499999999999982E-7	1.54257076621765954E-1
3.18000000000000060E-7	1.79964097844430770E-1
3.18499999999999961E-7	1.99852400014941223E-1
3.19000000000000039E-7	2.12455791714419728E-1
3.19500000000000028E-7	2.16445242953308181E-1
3.20000000000000018E-7	2.10689665657620795E-1
3.20500000000000007E-7	1.94485326673350367E-1
3.21000000000000085E-7	1.67616428948258056E-1
3.21499999999999986E-7	1.30455331290969712E-1
3.22000000000000020E-7	8.40312161906700084E-2
3.22500000000000009E-7	3.00524937318766749E-2
3.22999999999999998E-7	-2.91282497928959438E-2
3.23500000000000032E-7	-9.06124338742369062E-2
3.24000000000000066E-7	-1.51115550379620922E-1
3.24500000000000055E-7	-2.07180369714197443E-1
3.25000000000000000E-7	-2.55376457441904181E-1
3.25499999999999989E-7	-2.92730029073863207E-1
3.25999999999999979E-7	-3.16812194472631248E-1
3.26500000000000012E-7	-3.26011690126221332E-1
3.27000000000000046E-7	-3.19695679667034049E-1
3.27500000000000080E-7	-2.98292992100859733E-1
3.28000000000000069E-7	-2.63288416682194359E-1
3.28500000000000014E-7	-2.17125541549158818E-1
3.28999999999999959E-7	-1.63025038819958223E-1
3.29499999999999993E-7	-1.04722388162371094E-1
3.30000000000000027E-7	-4.61381800808162179E-2
3.30500000000000149E-7	8.87283281861641449E-3
3.31000000000000050E-7	5.67688925025754010E-2
3.31500000000000128E-7	9.46417299811739099E-2
3.32000000000000028E-7	1.20424059112155302E-1
3.32500000000000018E-7	1.33019394956198056E-1
3.33000000000000007E-7	1.32344511220538563E-1
3.33499999999999996E-7	1.19283726809024082E-1
3.33999999999999986E-7	9.55629200176197990E-2
3.34500000000000020E-7	6.35528758397529092E-2
3.35000000000000009E-7	2.59927197416496947E-2
3.35500000000000043E-7	-1.41501451206823337E-2
3.36000000000000076E-7	-5.39842833310266634E-2
3.36500000000000066E-7	-9.09163567521967053E-2
3.37000000000000011E-7	-1.22827573328363004E-1
3.37500000000000000E-7	-1.48191406593324748E-1
3.38000000000000034E-7	-1.66126272943619346E-1
3.38500000000000023E-7	-1.76383799980716915E-1
3.39000000000000057E-7	-1.79279731301061585E-1
3.39500000000000091E-7	-1.75579753733533495E-1
3.40000000000000080E-7	-1.66305168843306395E-1
3.40499999999999980E-7	-1.52741666403271559E-1
3.41000000000000103E-7	-1.36121847561932263E-1
3.41500000000000004E-7	-1.17549027309616561E-1
3.42000000000000082E-7	-9.79017188726068355E-2
3.42500000000000027E-7	-7.77795241183758357E-2
3.42999999999999972E-7	-5.74930963789743821E-2
3.43499999999999961E-7	-3.70959004297330930E-2
3.43999999999999950E-7	-1.64510996590038916E-2
3.44500000000000028E-7	4.67654989363993856E-3
3.45000000000000018E-7	2.64651846119670520E-2
3.45499999999999963E-7	4.90955907638863298E-2
3.45999999999999996E-7	7.24922678825390854E-2
3.46500000000000030E-7	9.63089961785102844E-2
3.47000000000000020E-7	1.19894677544881811E-1
3.47500000000000053E-7	1.42297491308292656E-1
3.48000000000000043E-7	1.62308367794079622E-1
3.48500000000000032E-7	1.78540759631164647E-1
3.48999999999999977E-7	1.89539980921310502E-1
3.49500000000000011E-7	1.93918196253737252E-1
3.50000000000000044E-7	1.90567480865849737E-1
3.50500000000000034E-7	1.78568762322292351E-1
3.50999999999999979E-7	1.57473764652301473E-1
3.51500000000000057E-7	1.27356679405764162E-1
3.51999999999999957E-7	8.88628198745581699E-2
3.52500000000000036E-7	4.32121212311214986E-2
3.52999999999999980E-7	-7.84548009517523681E-3
3.53500000000000014E-7	-6.21215290038500267E-2
3.54000000000000004E-7	-1.17121839856620324E-1
3.54500000000000037E-7	-1.70222822985392641E-1
3.55000000000000027E-7	-2.18922382874533383E-1
3.55499999999999972E-7	-2.60854851766744300E-1
3.55999999999999961E-7	-2.94022948726052569E-1
3.56500000000000039E-7	-3.16968385384153661E-1
3.57000000000000117E-7	-3.28886557746993224E-1
3.57500000000000018E-7	-3.29691642418833375E-1
3.58000000000000052E-7	-3.20024691854655208E-1
3.58500000000000041E-7	-3.01202207053566040E-1
3.58999999999999986E-7	-2.75108052965831096E-1
3.59500000000000064E-7	-2.44042856214920523E-1
3.60000000000000053E-7	-2.10608389458765588E-1
3.60500000000000043E-7	-1.77274715210955947E-1
3.61000000000000121E-7	-1.46339362123994388E-1
3.61499999999999932E-7	-1.19706593368767145E-1
3.62000000000000099E-7	-9.87414911801617912E-2
3.62500000000000000E-7	-8.41775214633345925E-2
3.63000000000000034E-7	-7.60864872468447651E-2
3.63499999999999979E-7	-7.39136136172212854E-2
3.64000000000000101E-7	-7.65739264533410324E-2
3.64500000000000046E-7	-8.25997833116153224E-2
3.64999999999999991E-7	-9.03240690918887346E-2
3.65499999999999980E-7	-9.80797772621176556E-2
3.66000000000000014E-7	-1.04394898477999565E-1
3.66500000000000048E-7	-1.08161960653384437E-1
3.67000000000000037E-7	-1.08764194318996954E-1
3.67500000000000071E-7	-1.06144875467442290E-1
3.67999999999999972E-7	-1.00812445746977564E-1
3.68500000000000005E-7	-9.37808785744378604E-2
3.68999999999999995E-7	-8.64517040727535324E-2
3.69500000000000028E-7	-8.04503671799325204E-2
3.70000000000000062E-7	-7.74174977492582261E-2
3.70500000000000052E-7	-7.88642063345241695E-2
3.70999999999999996E-7	-8.59304942692158846E-2
3.71500000000000075E-7	-9.92506326928308624E-2
3.72000000000000064E-7	-1.18850826755280847E-1
3.72500000000000053E-7	-1.44107722600274846E-1
3.73000000000000043E-7	-1.73772155684866236E-1
3.73500000000000032E-7	-2.06055686397900217E-1
3.74000000000000110E-7	-2.38770988927391725E-1
3.74500000000000055E-7	-2.69499974882175408E-1
3.75000000000000000E-7	-2.95710675394291922E-1
3.75500000000000078E-7	-3.15186985982922829E-1
3.75999999999999979E-7	-3.26100463256681650E-1
3.76500000000000101E-7	-3.27153916806783140E-1
3.77000000000000002E-7	-3.17673897561641594E-1
3.77499999999999991E-7	-2.97645510813455694E-1
3.78000000000000025E-7	-2.67689275325265186E-1
3.78499999999999925E-7	-2.28985742540999748E-1
3.79000000000000004E-7	-1.83158605155774534E-1
3.79500000000000082E-7	-1.32124644524639923E-1
3.80000000000000071E-7	-7.78960016939128863E-2
3.80500000000000016E-7	-2.25424443867580049E-2
3.81000000000000005E-7	3.19983372909240771E-2
3.81499999999999950E-7	8.40286888810492449E-2
3.82000000000000028E-7	1.32166125200283613E-1
3.82500000000000062E-7	1.75383588784289590E-1
3.83000000000000052E-7	2.13016790387980848E-1
3.83499999999999952E-7	2.44743863404186790E-1
3.83999999999999986E-7	2.70544761085162655E-1
3.84500000000000064E-7	2.90631108957399498E-1
3.85000000000000009E-7	3.05246316006705554E-1
3.85499999999999998E-7	3.15007212180154461E-1
3.86000000000000121E-7	3.20632656422403262E-1
3.86500000000000066E-7	3.22915625630371128E-1
3.87000000000000099E-7	3.22682883025685774E-1
3.87500000000000000E-7	3.20759486663490723E-1
3.87999999999999989E-7	3.17937064121172952E-1
3.88500000000000023E-7	3.14944681723086717E-1
3.88999999999999968E-7	3.12421518602104609E-1
3.89500000000000135E-7	3.10891261323018675E-1
3.90000000000000036E-7	3.10755945199726202E-1
3.90500000000000025E-7	3.12222145672527551E-1
3.91000000000000014E-7	3.15343650580049539E-1
3.91500000000000092E-7	3.19998477793174407E-1
3.91999999999999993E-7	3.25892587398867351E-1
3.92499999999999982E-7	3.32573263217677040E-1
3.93000000000000016E-7	3.39451822631997580E-1
3.93500000000000050E-7	3.45834254046465439E-1
3.94000000000000039E-7	3.50957464339904002E-1
3.94500000000000073E-7	3.54045885050956333E-1
3.95000000000000062E-7	3.54476657840554488E-1
3.95500000000000007E-7	3.51474674610815674E-1
3.95999999999999952E-7	3.44312441314914075E-1
3.96500000000000075E-7	3.32343574851369006E-1
3.97000000000000020E-7	3.15035035223544302E-1
3.97500000000000053E-7	2.91997701371627549E-1
3.98000000000000043E-7	2.63014971179145141E-1
3.98499999999999943E-7	2.28068945962610625E-1
3.98999999999999977E-7	1.87363447307076125E-1
3.99500000000000144E-7	1.41330884734038609E-1
4.00000000000000089E-7	9.05264305373843925E-2
4.00499999999999989E-7	3.59684727467387422E-2
4.00999999999999979E-7	-2.10927674027333811E-2
4.01500000000000057E-7	-7.91657172588049551E-2
4.02000000000000046E-7	-1.36560334467900635E-1
4.02500000000000036E-7	-1.91447591884483903E-1
4.03000000000000025E-7	-2.41933536594678023E-1
4.03500000000000014E-7	-2.86144272130617372E-1
4.04000000000000004E-7	-3.22316792822882903E-1
4.04499999999999993E-7	-3.48877819456219118E-1
4.05000000000000071E-7	-3.64409310065832281E-1
4.05500000000000060E-7	-3.68055538580437869E-1
4.06000000000000050E-7	-3.59350750873384150E-1
4.06500000000000128E-7	-3.38278751431193303E-1
4.07000000000000117E-7	-3.05271264093059491E-1
4.07499999999999929E-7	-2.61182295798167319E-1
4.08000000000000007E-7	-2.07242772695178390E-1
4.08499999999999996E-7	-1.45001500430839680E-1
4.08999999999999986E-7	-7.62593720103664197E-2
4.09499999999999975E-7	-3.01532948283121494E-3
4.10000000000000053E-7	7.24925918174596529E-2
4.10500000000000043E-7	1.48120334276596632E-1
4.10999999999999943E-7	2.21690810478065803E-1
4.11500000000000110E-7	2.91039869564596465E-1
4.12000000000000011E-7	3.54039069527903427E-1
4.12500000000000000E-7	4.08620276621904033E-1
4.13000000000000078E-7	4.52810185466554138E-1
4.13499999999999979E-7	4.84781996559537554E-1
4.14000000000000057E-7	5.02928980103002843E-1
4.14499999999999957E-7	5.05960724793321326E-1
4.15000000000000124E-7	4.93017997307572031E-1
4.15499999999999936E-7	4.63797002515308332E-1
4.16000000000000014E-7	4.18669230637719103E-1
4.16500000000000092E-7	3.58779806197854167E-1
4.17000000000000082E-7	2.86106002713839835E-1
4.17499999999999982E-7	2.03458821288448188E-1
4.17999999999999972E-7	1.14414404618193455E-1
4.18500000000000050E-7	2.31683649342364895E-2
4.18999999999999950E-7	-6.56857218496164919E-2
4.19500000000000117E-7	-1.47437355036588214E-1
4.20000000000000107E-7	-2.17532798139813499E-1
4.20500000000000007E-7	-2.72094742442029691E-1
4.20999999999999996E-7	-3.08147475613028288E-1
4.21499999999999986E-7	-3.23920392583367889E-1
4.22000000000000064E-7	-3.19051186232053663E-1
4.22500000000000053E-7	-2.94679848389262666E-1
4.22999999999999954E-7	-2.53416336415604437E-1
4.23499999999999943E-7	-1.99176755207393130E-1
4.24000000000000021E-7	-1.36896232232030934E-1
4.24500000000000011E-7	-7.21457357241416108E-2
4.25000000000000000E-7	-1.07161425437157987E-2
4.25500000000000078E-7	4.19811109853628128E-2
4.25999999999999979E-7	8.13255100790354746E-2
4.26499999999999968E-7	1.03889324962636809E-1
4.27000000000000135E-7	1.07735047322187172E-1
4.27500000000000124E-7	9.25787900819929632E-2
4.28000000000000025E-7	5.98033108297085292E-2
4.28500000000000014E-7	1.23194499556324777E-2
4.29000000000000092E-7	-4.57099110631587546E-2
4.29499999999999993E-7	-1.09255474592596480E-1
4.29999999999999893E-7	-1.72912079121581108E-1
4.30499999999999972E-7	-2.31271925632254938E-1
4.31000000000000050E-7	-2.79498201283055980E-1
4.31499999999999950E-7	-3.13687625560679972E-1
4.32000000000000028E-7	-3.31168148028436882E-1
4.32500000000000018E-7	-3.30672302638361071E-1
4.33000000000000007E-7	-3.12375752875956003E-1
4.33499999999999908E-7	-2.77804768528779356E-1
4.34000000000000252E-7	-2.29629511530677322E-1
4.34499999999999975E-7	-1.71364750267823007E-1
4.34999999999999964E-7	-1.06965128249574071E-1
4.35500000000000043E-7	-4.06329134029070715E-2
4.36000000000000032E-7	2.36337398683756517E-2
4.36500000000000110E-7	8.23139296318364799E-2
4.37000000000000099E-7	1.32582031041506654E-1
4.37500000000000089E-7	1.72440098025544741E-1
4.38000000000000078E-7	2.00762215335004690E-1
4.38499999999999979E-7	2.17258038499673090E-1
4.39000000000000057E-7	2.22370601762808695E-1
4.39499999999999957E-7	2.17128710407834280E-1
4.39999999999999947E-7	2.02976466376312503E-1
4.40500000000000025E-7	1.81601719253275906E-1
4.41000000000000014E-7	1.54781885129316144E-1
4.41500000000000092E-7	1.24260333184226734E-1
4.42000000000000082E-7	9.16602922850434076E-2
4.42500000000000071E-7	5.84369215419409294E-2
4.42999999999999972E-7	2.58626877828480151E-2
4.43500000000000050E-7	-4.96282139545654211E-3
4.43999999999999950E-7	-3.30896370608447121E-2
4.44500000000000117E-7	-5.76918026320517008E-2
4.44999999999999929E-7	-7.80488261978930886E-2
4.45500000000000096E-7	-9.35405270700084301E-2
4.45999999999999996E-7	-1.03657777930245798E-1
4.46499999999999986E-7	-1.08027716317206290E-1
4.47000000000000064E-7	-1.06448613241925383E-1
4.47500000000000053E-7	-9.89272491616014804E-2
4.48000000000000043E-7	-8.57106699918764647E-2
4.48500000000000032E-7	-6.73046607957272869E-2
4.49000000000000021E-7	-4.44730375188591776E-2
4.49500000000000011E-7	-1.82204683473068285E-2
4.50000000000000089E-7	1.01937153252684465E-2
4.50499999999999901E-7	3.94880335535873650E-2
4.50999999999999979E-7	6.83238965308363433E-2
4.51499999999999968E-7	9.54029522409501141E-2
4.52000000000000046E-7	1.19542600929453435E-1
4.52500000000000036E-7	1.39740145444863351E-1
4.53000000000000114E-7	1.55220092378848729E-1
4.53500000000000014E-7	1.65461506395019353E-1
4.54000000000000092E-7	1.70204961078248296E-1
4.54499999999999993E-7	1.69441104851087565E-1
4.55000000000000160E-7	1.63418778408949472E-1
4.55499999999999972E-7	1.52500676541877001E-1
4.56000000000000050E-7	1.37236363250517313E-1
4.56500000000000039E-7	1.18289218110566563E-1
4.57000000000000028E-7	9.64023570324178003E-2
4.57500000000000018E-7	7.23696901410211701E-2
4.58000000000000007E-7	4.70119632319811487E-2
4.58499999999999996E-7	2.11562337008289969E-2
4.58999999999999986E-7	-4.38360801913930409E-3
4.59500000000000064E-7	-2.88160174910271349E-2
4.59999999999999964E-7	-5.12947558936216108E-2
4.60500000000000043E-7	-7.12289034541542776E-2
4.60999999999999943E-7	-8.81455460649399214E-2
4.61500000000000110E-7	-1.01733557252375384E-1
4.62000000000000099E-7	-1.11863872763793948E-1
4.62500000000000089E-7	-1.18600440085318204E-1
4.62999999999999989E-7	-1.22198669921165592E-1
4.63499999999999979E-7	-1.23089195230742110E-1
4.63999999999999968E-7	-1.21846267635208361E-1
4.64500000000000046E-7	-1.19159649083104724E-1
4.65000000000000036E-7	-1.15904412859780193E-1
4.65500000000000114E-7	-1.12737485417972461E-1
4.66000000000000014E-7	-1.10203863550411985E-1
4.66500000000000004E-7	-1.08688660879231258E-1
4.67000000000000082E-7	-1.08385871309927184E-1
4.67499999999999893E-7	-1.09286993560577228E-1
4.68000000000000060E-7	-1.11190155152813031E-1
4.68500000000000050E-7	-1.13727765173118156E-1
4.68999999999999950E-7	-1.16408413233364527E-1
4.69500000000000028E-7	-1.18649420315312382E-1
4.69999999999999929E-7	-1.19702104312840030E-1
4.70500000000000096E-7	-1.19039436818938871E-1
4.70999999999999996E-7	-1.16224185657819223E-1
4.71499999999999808E-7	-1.10925000340019864E-1
4.72000000000000153E-7	-1.02915343297847039E-1
4.72500000000000053E-7	-9.20592644191240872E-2
4.73000000000000043E-7	-7.82907285433338096E-2
4.73500000000000032E-7	-6.15947253201974210E-2
4.74000000000000021E-7	-4.19983651996302676E-2
4.74500000000000011E-7	-1.95961418350576189E-2
4.75000000000000089E-7	5.26204451285721220E-3
4.75500000000000078E-7	3.23741369674279955E-2
4.76000000000000068E-7	6.13446657040328347E-2
4.76499999999999968E-7	9.15473790539232368E-2
4.76999999999999957E-7	1.22058462807564583E-1
4.77500000000000036E-7	1.51612148466084351E-1
4.77999999999999936E-7	1.78594807978129544E-1
4.78500000000000103E-7	2.01090550949397251E-1
4.79000000000000004E-7	2.16985650237971628E-1
4.79499999999999993E-7	2.24137266724581385E-1
4.79999999999999982E-7	2.20610621884743852E-1
4.80499999999999972E-7	2.04863056218225292E-1
4.81000000000000050E-7	1.75992765603681289E-1
4.81500000000000039E-7	1.33982282856855650E-1
4.81999999999999851E-7	7.98688293182022502E-2
4.82500000000000107E-7	1.58294018136846715E-2
4.83000000000000096E-7	-5.48426480559292884E-2
4.83500000000000085E-7	-1.27882444331063772E-1
4.84000000000000075E-7	-1.98319614762175522E-1
4.84500000000000064E-7	-2.60850852520512388E-1
4.84999999999999964E-7	-3.10239311320369993E-1
4.85499999999999954E-7	-3.41965873224751160E-1
4.85999999999999943E-7	-3.52536880171592903E-1
4.86500000000000021E-7	-3.39948825002751542E-1
4.87000000000000011E-7	-3.03988631112849506E-1
4.87500000000000000E-7	-2.46382550079143892E-1
4.88000000000000078E-7	-1.70767352739579747E-1
4.88500000000000068E-7	-8.24750185002593739E-2
4.88999999999999968E-7	1.18583614378357205E-2
4.89499999999999957E-7	1.04823532656512253E-1
4.90000000000000124E-7	1.88831480611697766E-1
4.90500000000000025E-7	2.56901835210918694E-1
4.91000000000000014E-7	3.03254720113347709E-1
4.91500000000000181E-7	3.23864050994597763E-1
4.92000000000000082E-7	3.16859491554806416E-1
4.92500000000000071E-7	2.82733792826735053E-1
4.93000000000000060E-7	2.24331460381105208E-1
4.93500000000000050E-7	1.46616795781147302E-1
4.93999999999999950E-7	5.62419308612856828E-2
4.94500000000000028E-7	-3.90321966172066492E-2
4.94999999999999929E-7	-1.30994594901219119E-1
4.95500000000000096E-7	-2.11773401670355277E-1
4.95999999999999996E-7	-2.74580292858277186E-1
4.96500000000000075E-7	-3.14238641386547801E-1
4.97000000000000064E-7	-3.27603263597579630E-1
4.97500000000000053E-7	-3.13781828577622113E-1
4.98000000000000131E-7	-2.74142192063483225E-1
4.98500000000000032E-7	-2.12112156601132007E-1
4.98999999999999844E-7	-1.32799022653175203E-1
4.99500000000000011E-7	-4.24676253570180862E-2
5.00000000000000089E-7	5.21311792133748764E-2


