time	imag(VinPA[1])
0.00000000000000000E0	3.23598839001416749E-1
5.00000000000000000E-10	3.22825864052132827E-1
1.00000000000000000E-9	3.22825864052132827E-1
1.50000000000000000E-9	3.22825864052132872E-1
2.00000000000000000E-9	3.22825864052132827E-1
2.50000000000000000E-9	3.22825864052132872E-1
3.00000000000000000E-9	3.22825864052132827E-1
3.50000000000000044E-9	3.22825864052132872E-1
4.00000000000000000E-9	3.22825864052132827E-1
4.50000000000000089E-9	3.22837638309917585E-1
5.00000000000000000E-9	3.22969138641131437E-1
5.49999999999999911E-9	3.23197524342927656E-1
6.00000000000000000E-9	3.23482090635360731E-1
6.50000000000000000E-9	3.23770201743891750E-1
7.00000000000000089E-9	3.24006066414449467E-1
7.50000000000000000E-9	3.24141151953390683E-1
8.00000000000000000E-9	3.24144602231134105E-1
8.50000000000000178E-9	3.24011816094208749E-1
9.00000000000000178E-9	3.23769414625641305E-1
9.50000000000000178E-9	3.23469312267304909E-1
1.00000000000000000E-8	3.23140716971792763E-1
1.05000000000000027E-8	3.22892168942976010E-1
1.09999999999999987E-8	3.22839040270179112E-1
1.14999999999999991E-8	3.23081906629118087E-1
1.19999999999999996E-8	3.23683552091344140E-1
1.25000000000000022E-8	3.24648281014066953E-1
1.30000000000000004E-8	3.25907395824520218E-1
1.35000000000000009E-8	3.27314304566028236E-1
1.40000000000000013E-8	3.28651735852774518E-1
1.44999999999999996E-8	3.29663811655073768E-1
1.50000000000000000E-8	3.30172953171082240E-1
1.55000000000000004E-8	3.29894758862377557E-1
1.60000000000000009E-8	3.28597439844224848E-1
1.65000000000000013E-8	3.26152836497212872E-1
1.70000000000000040E-8	3.22582058999418830E-1
1.75000000000000022E-8	3.18087902536642630E-1
1.80000000000000027E-8	3.13066847492886824E-1
1.85000000000000031E-8	3.08095232290732612E-1
1.90000000000000036E-8	3.03886969880156022E-1
1.95000000000000040E-8	3.01206041746147246E-1
2.00000000000000000E-8	3.00647251403894966E-1
2.05000000000000027E-8	3.02869733251754081E-1
2.10000000000000053E-8	3.08317872099025170E-1
2.14999999999999947E-8	3.17113470990807000E-1
2.19999999999999973E-8	3.28968328035267543E-1
2.25000000000000044E-8	3.43131640703859819E-1
2.29999999999999982E-8	3.58384265124806323E-1
2.34999999999999964E-8	3.73087618775458107E-1
2.39999999999999991E-8	3.85289267978760996E-1
2.45000000000000018E-8	3.92886445681030683E-1
2.50000000000000044E-8	3.93866415642561396E-1
2.54999999999999982E-8	3.86413959645444072E-1
2.60000000000000009E-8	3.69189188976184735E-1
2.65000000000000036E-8	3.41527310236803094E-1
2.70000000000000018E-8	3.03590587027266245E-1
2.74999999999999956E-8	2.56450410040837706E-1
2.80000000000000027E-8	2.02083176204002424E-1
2.85000000000000053E-8	1.43271898142045728E-1
2.89999999999999991E-8	8.34153391926171395E-2
2.95000000000000107E-8	2.62628445708687996E-2
3.00000000000000000E-8	-2.43725064662856106E-2
3.05000000000000071E-8	-6.50840938896930954E-2
3.10000000000000009E-8	-9.31640346459965940E-2
3.15000000000000036E-8	-1.06903724213827944E-1
3.20000000000000018E-8	-1.05812878842386571E-1
3.25000000000000000E-8	-9.07292902860912420E-2
3.30000000000000027E-8	-6.38016965324043106E-2
3.35000000000000009E-8	-2.83408305513695691E-2
3.40000000000000080E-8	1.14524843392514986E-2
3.45000000000000018E-8	5.08657634072135600E-2
3.50000000000000044E-8	8.51563602762362493E-2
3.54999999999999893E-8	1.09901835940279602E-1
3.60000000000000053E-8	1.21498593242788488E-1
3.64999999999999991E-8	1.17539908373627289E-1
3.70000000000000062E-8	9.70885727788810371E-2
3.75000000000000000E-8	6.08139376790266972E-2
3.80000000000000071E-8	1.09764010468617634E-2
3.85000000000000009E-8	-4.87423186207565884E-2
3.90000000000000080E-8	-1.13549043042285369E-1
3.95000000000000062E-8	-1.77978245381198130E-1
4.00000000000000000E-8	-2.36511525389745492E-1
4.05000000000000071E-8	-2.83753769986595250E-1
4.10000000000000053E-8	-3.15092669173873174E-1
4.15000000000000036E-8	-3.27123671182773368E-1
4.20000000000000107E-8	-3.17965153809274437E-1
4.25000000000000089E-8	-2.87433720732008169E-1
4.29999999999999893E-8	-2.37063399699161481E-1
4.35000000000000053E-8	-1.69967962793077598E-1
4.39999999999999947E-8	-9.05610018685979234E-2
4.44999999999999929E-8	-4.14452381826259231E-3
4.50000000000000089E-8	8.36860207398033573E-2
4.55000000000000160E-8	1.67198398795687564E-1
4.59999999999999964E-8	2.41171022786970690E-1
4.65000000000000036E-8	3.01315856451703956E-1
4.69999999999999929E-8	3.44603949755739336E-1
4.75000000000000089E-8	3.69465151345306619E-1
4.79999999999999982E-8	3.75846279724664711E-1
4.84999999999999964E-8	3.65126094975768156E-1
4.90000000000000036E-8	3.39899397449286500E-1
4.94999999999999929E-8	3.03643341192533978E-1
5.00000000000000089E-8	2.60239847633211863E-1
5.04999999999999982E-8	2.13779154362977053E-1
5.09999999999999964E-8	1.68036401292700033E-1
5.15000000000000036E-8	1.26109162256343743E-1
5.20000000000000018E-8	9.01409063006928868E-2
5.25000000000000178E-8	6.11568482333883612E-2
5.30000000000000071E-8	3.90271162052492393E-2
5.35000000000000053E-8	2.25592151457114864E-2
5.40000000000000036E-8	9.70864530627135025E-3
5.45000000000000018E-8	-2.10960317004656961E-3
5.49999999999999911E-8	-1.56111826187043756E-2
5.54999999999999893E-8	-3.33656196927669679E-2
5.60000000000000053E-8	-5.73691342507378366E-2
5.65000000000000036E-8	-8.87310758528823662E-2
5.70000000000000107E-8	-1.27454004087337891E-1
5.75000000000000000E-8	-1.72333712369367675E-1
5.79999999999999982E-8	-2.20993702493893185E-1
5.85000000000000053E-8	-2.70055089552056060E-1
5.90000000000000213E-8	-3.15428945694400165E-1
5.95000000000000107E-8	-3.52716824918900862E-1
6.00000000000000000E-8	-3.77743507698970404E-1
6.05000000000000071E-8	-3.86793766354552382E-1
6.10000000000000142E-8	-3.77157095259991593E-1
6.15000000000000124E-8	-3.47487752404748829E-1
6.20000000000000018E-8	-2.98050449565648368E-1
6.25000000000000089E-8	-2.30821452265277527E-1
6.30000000000000071E-8	-1.49428162239689932E-1
6.34999999999999964E-8	-5.89257675145239279E-2
6.40000000000000036E-8	3.45742268706047629E-2
6.44999999999999929E-8	1.24411111503297200E-1
6.50000000000000000E-8	2.04066044219723741E-1
6.55000000000000071E-8	2.67409173210529794E-1
6.60000000000000053E-8	3.09423817165243475E-1
6.65000000000000036E-8	3.26682972135174277E-1
6.70000000000000018E-8	3.17695554228101917E-1
6.75000000000000000E-8	2.83085236394372597E-1
6.80000000000000160E-8	2.25579975138811673E-1
6.85000000000000053E-8	1.49808227860746657E-1
6.90000000000000036E-8	6.19166976742961506E-2
6.95000000000000107E-8	-3.09753451013034464E-2
7.00000000000000089E-8	-1.21528681897626400E-1
7.05000000000000071E-8	-2.02509322661394142E-1
7.09999999999999787E-8	-2.67599800811346089E-1
7.14999999999999947E-8	-3.11964221795173424E-1
7.20000000000000107E-8	-3.32677416225372102E-1
7.25000000000000000E-8	-3.28975238285238714E-1
7.29999999999999982E-8	-3.02300021775900696E-1
7.35000000000000142E-8	-2.56135120662374405E-1
7.40000000000000124E-8	-1.95643344713476175E-1
7.45000000000000018E-8	-1.27126170275242401E-1
7.50000000000000000E-8	-5.72635132183206252E-2
7.54999999999999982E-8	7.22729746174428112E-3
7.60000000000000142E-8	6.04222896365572826E-2
7.65000000000000124E-8	9.77746099658260803E-2
7.70000000000000018E-8	1.16557991225337076E-1
7.75000000000000000E-8	1.16124474968449110E-1
7.80000000000000160E-8	9.79492949507930888E-2
7.85000000000000142E-8	6.54571858667301321E-2
7.90000000000000124E-8	2.36465993340748870E-2
7.95000000000000107E-8	-2.14685476909516382E-2
8.00000000000000000E-8	-6.36363575998971864E-2
8.05000000000000071E-8	-9.67213187240974115E-2
8.10000000000000142E-8	-1.15540973100978239E-1
8.14999999999999858E-8	-1.16445218227129343E-1
8.20000000000000107E-8	-9.77429998492074681E-2
8.25000000000000000E-8	-5.99301950203134659E-2
8.30000000000000071E-8	-5.69217017931258429E-3
8.34999999999999964E-8	6.03228170979925160E-2
8.40000000000000213E-8	1.31939792437437586E-1
8.45000000000000107E-8	2.02073251933885567E-1
8.50000000000000178E-8	2.63525027533141643E-1
8.55000000000000249E-8	3.09508576521788870E-1
8.59999999999999787E-8	3.34474763043440770E-1
8.65000000000000036E-8	3.34718799310378490E-1
8.70000000000000107E-8	3.08815052321688288E-1
8.75000000000000178E-8	2.57832271688098480E-1
8.79999999999999893E-8	1.85303192482910695E-1
8.84999999999999964E-8	9.69468463874820685E-2
8.89999999999999858E-8	1.66844322208671603E-4
8.95000000000000107E-8	-9.66340387930761757E-2
9.00000000000000178E-8	-1.84888571557695136E-1
9.05000000000000249E-8	-2.56579912430240675E-1
9.10000000000000320E-8	-3.05080396324136194E-1
9.15000000000000036E-8	-3.25812512191807624E-1
9.19999999999999929E-8	-3.16720177221314092E-1
9.25000000000000178E-8	-2.78501260099097303E-1
9.30000000000000071E-8	-2.14575538073377148E-1
9.35000000000000320E-8	-1.30788353704351379E-1
9.39999999999999858E-8	-3.48765486762957266E-2
9.45000000000000107E-8	6.42587649583268394E-2
9.50000000000000178E-8	1.57433596050654434E-1
9.55000000000000071E-8	2.35943078941665796E-1
9.59999999999999964E-8	2.92444197939902839E-1
9.65000000000000213E-8	3.21654863564903204E-1
9.69999999999999929E-8	3.20856102895995310E-1
9.75000000000000000E-8	2.90148248729096192E-1
9.80000000000000071E-8	2.32436324631173274E-1
9.85000000000000142E-8	1.53146626052239632E-1
9.89999999999999858E-8	5.97030671781594613E-2
9.95000000000000107E-8	-3.91962785629466959E-2
1.00000000000000022E-7	-1.34492801652109462E-1
1.00500000000000012E-7	-2.17405530493873655E-1
1.01000000000000001E-7	-2.80360684221110024E-1
1.01500000000000012E-7	-3.17686946806725157E-1
1.02000000000000002E-7	-3.26121081219485109E-1
1.02500000000000013E-7	-3.05077407724272787E-1
1.03000000000000003E-7	-2.56658474777303436E-1
1.03500000000000014E-7	-1.85410025864712624E-1
1.04000000000000004E-7	-9.78484794520854528E-2
1.04499999999999993E-7	-1.81105669279993609E-3
1.05000000000000027E-7	9.42707859836627371E-2
1.05500000000000016E-7	1.82275471717093929E-1
1.06000000000000005E-7	2.55030475152012936E-1
1.06499999999999995E-7	3.06982748470772115E-1
1.07000000000000006E-7	3.34659982156163549E-1
1.07499999999999973E-7	3.36918204131021870E-1
1.08000000000000007E-7	3.14958082626881586E-1
1.08500000000000063E-7	2.72115721975061042E-1
1.09000000000000008E-7	2.13455938210842522E-1
1.09500000000000020E-7	1.45232404685805339E-1
1.09999999999999987E-7	7.43831378463191406E-2
1.10500000000000020E-7	7.46394069298856966E-3
1.10999999999999988E-7	-4.97539069166239667E-2
1.11499999999999999E-7	-9.28157822040733294E-2
1.12000000000000011E-7	-1.18942434647265527E-1
1.12500000000000022E-7	-1.27204225051830955E-1
1.13000000000000012E-7	-1.18502256404214701E-1
1.13500000000000023E-7	-9.53679134103889758E-2
1.14000000000000012E-7	-6.16103767199624386E-2
1.14500000000000002E-7	-2.18557985061941062E-2
1.14999999999999991E-7	1.89353337564689106E-2
1.15500000000000025E-7	5.60943032900860672E-2
1.15999999999999992E-7	8.55968905109100220E-2
1.16500000000000004E-7	1.04466883740232186E-1
1.17000000000000015E-7	1.11017320438806943E-1
1.17499999999999982E-7	1.04948700341658441E-1
1.18000000000000038E-7	8.73038638332245753E-2
1.18500000000000005E-7	6.02940404028393040E-2
1.19000000000000017E-7	2.70228162239272995E-2
1.19499999999999984E-7	-8.86261401226352419E-3
1.19999999999999996E-7	-4.35330374397997044E-2
1.20499999999999963E-7	-7.33864575992042845E-2
1.21000000000000019E-7	-9.52496681577667914E-2
1.21499999999999986E-7	-1.06674609705235324E-1
1.22000000000000020E-7	-1.06095719584801773E-1
1.22500000000000031E-7	-9.28955981945487963E-2
1.23000000000000020E-7	-6.73832941903453886E-2
1.23499999999999988E-7	-3.06979730007154128E-2
1.23999999999999999E-7	1.53431980217634156E-2
1.24500000000000033E-7	6.84308942748831406E-2
1.25000000000000022E-7	1.25943863219821717E-1
1.25499999999999989E-7	1.85192056132187854E-1
1.26000000000000023E-7	2.43524737145003067E-1
1.26499999999999968E-7	2.98477531153732256E-1
1.27000000000000002E-7	3.47863442531621425E-1
1.27499999999999991E-7	3.89826971207772743E-1
1.28000000000000003E-7	4.22867108790366864E-1
1.28500000000000036E-7	4.45837749120152438E-1
1.28999999999999981E-7	4.57935023282487386E-1
1.29499999999999993E-7	4.58674465039876278E-1
1.30000000000000004E-7	4.47817291795422445E-1
1.30500000000000038E-7	4.25530079878461454E-1
1.31000000000000005E-7	3.92270393428472186E-1
1.31499999999999995E-7	3.48803277506081422E-1
1.32000000000000006E-7	2.96197990944558720E-1
1.32500000000000018E-7	2.35817276416866184E-1
1.33000000000000007E-7	1.69294021995547617E-1
1.33499999999999974E-7	9.84914978964335397E-2
1.34000000000000008E-7	2.54455141559340126E-2
1.34500000000000042E-7	-4.77046467899452864E-2
1.35000000000000009E-7	-1.18779467844104447E-1
1.35499999999999998E-7	-1.85714177749506826E-1
1.36000000000000032E-7	-2.46654682294608119E-1
1.36500000000000021E-7	-3.00025883155614803E-1
1.37000000000000011E-7	-3.44600826434177776E-1
1.37499999999999978E-7	-3.79547489721475095E-1
1.38000000000000012E-7	-4.04450115509999719E-1
1.38499999999999979E-7	-4.19304716653584997E-1
1.39000000000000012E-7	-4.24491004120410054E-1
1.39500000000000002E-7	-4.20736924028188675E-1
1.40000000000000013E-7	-4.09091523340032737E-1
1.40500000000000025E-7	-3.90794156223724620E-1
1.41000000000000014E-7	-3.67150550335420522E-1
1.41500000000000004E-7	-3.39525809159173564E-1
1.41999999999999948E-7	-3.09294785886493084E-1
1.42500000000000027E-7	-2.77803082412017943E-1
1.42999999999999994E-7	-2.46336587611416258E-1
1.43499999999999983E-7	-2.16095863451835912E-1
1.44000000000000017E-7	-1.88171052132874861E-1
1.44500000000000028E-7	-1.63513442680885923E-1
1.44999999999999996E-7	-1.42952306359733661E-1
1.45500000000000007E-7	-1.26991275827448491E-1
1.45999999999999996E-7	-1.15933611076340171E-1
1.46500000000000030E-7	-1.09789403984919831E-1
1.47000000000000020E-7	-1.08244453705525667E-1
1.47500000000000053E-7	-1.10645755068485863E-1
1.48000000000000020E-7	-1.16011325400059295E-1
1.48500000000000032E-7	-1.23070370856648936E-1
1.48999999999999999E-7	-1.30336719492276432E-1
1.49499999999999988E-7	-1.36208458716563174E-1
1.50000000000000000E-7	-1.39023576010130512E-1
1.50500000000000034E-7	-1.37430412653822054E-1
1.51000000000000001E-7	-1.30368801389497824E-1
1.51499999999999990E-7	-1.17237119641144227E-1
1.52000000000000024E-7	-9.79918900736190324E-2
1.52500000000000036E-7	-7.32009117367309337E-2
1.53000000000000025E-7	-4.40394230642495188E-2
1.53499999999999992E-7	-1.22243480606643451E-2
1.54000000000000004E-7	2.01116993144329870E-2
1.54499999999999971E-7	5.05921545531975703E-2
1.55000000000000004E-7	7.67515553165254971E-2
1.55500000000000016E-7	9.64343981740096901E-2
1.56000000000000028E-7	1.07906848414370193E-1
1.56499999999999995E-7	1.10065217300777518E-1
1.57000000000000028E-7	1.02574012644780344E-1
1.57499999999999996E-7	8.59351325370712082E-2
1.58000000000000029E-7	6.14789667292535036E-2
1.58500000000000041E-7	3.12762540218544771E-2
1.59000000000000030E-7	-2.02209423014224932E-3
1.59500000000000020E-7	-3.53905514046862546E-2
1.60000000000000009E-7	-6.55641227729702081E-2
1.60500000000000043E-7	-8.96394536014612875E-2
1.61000000000000010E-7	-1.05100355745304963E-1
1.61499999999999999E-7	-1.10058742408413002E-1
1.62000000000000033E-7	-1.03399804408376839E-1
1.62500000000000000E-7	-8.48548753144975976E-2
1.62999999999999989E-7	-5.49980876738287705E-2
1.63500000000000023E-7	-1.51710743554542882E-2
1.64000000000000035E-7	3.26527358842352244E-2
1.64499999999999980E-7	8.60470861976286905E-2
1.65000000000000013E-7	1.42283725231192326E-1
1.65500000000000025E-7	1.98699642591387149E-1
1.66000000000000014E-7	2.52714699653582775E-1
1.66500000000000004E-7	3.02036515536679140E-1
1.66999999999999993E-7	3.44770254464853299E-1
1.67500000000000004E-7	3.79482847881442931E-1
1.68000000000000038E-7	4.05223956460758217E-1
1.68500000000000005E-7	4.21510809049179436E-1
1.69000000000000017E-7	4.28287289442549923E-1
1.69500000000000028E-7	4.25874826264326778E-1
1.70000000000000040E-7	4.15007468803212376E-1
1.70500000000000052E-7	3.96502073029188784E-1
1.71000000000000041E-7	3.71440924599903077E-1
1.71499999999999986E-7	3.41092007111965811E-1
1.71999999999999975E-7	3.06891228803898208E-1
1.72500000000000009E-7	2.70426602832329444E-1
1.72999999999999998E-7	2.33415709331247223E-1
1.73500000000000010E-7	1.97667885227628837E-1
1.74000000000000021E-7	1.65024582941386244E-1
1.74499999999999988E-7	1.37257282425129667E-1
1.75000000000000022E-7	1.15782436567768299E-1
1.75499999999999989E-7	1.02041887078020665E-1
1.75999999999999979E-7	9.70364902590064560E-2
1.76499999999999990E-7	1.01250194582050490E-1
1.77000000000000002E-7	1.14543544258817209E-1
1.77500000000000013E-7	1.36087168082630150E-1
1.77999999999999980E-7	1.64350250430844014E-1
1.78500000000000059E-7	1.97154078849580250E-1
1.79000000000000026E-7	2.31793942586861057E-1
1.79499999999999993E-7	2.65236466721465991E-1
1.80000000000000027E-7	2.94491377692804512E-1
1.80500000000000060E-7	3.16487949962803050E-1
1.81000000000000050E-7	3.28628647962351650E-1
1.81500000000000017E-7	3.28992711770324009E-1
1.82000000000000051E-7	3.16544315741529081E-1
1.82499999999999996E-7	2.91266910698686887E-1
1.83000000000000007E-7	2.54204892693454276E-1
1.83500000000000019E-7	2.07402797513463444E-1
1.83999999999999986E-7	1.53742922544785832E-1
1.84499999999999997E-7	9.66816762340422464E-2
1.85000000000000031E-7	3.98122608818772328E-2
1.85499999999999998E-7	-1.31544405390696806E-2
1.86000000000000032E-7	-5.89705250110463286E-2
1.86500000000000021E-7	-9.51408356709131375E-2
1.87000000000000055E-7	-1.20178578629254851E-1
1.87500000000000000E-7	-1.33761935269601362E-1
1.87999999999999989E-7	-1.36771757545136485E-1
1.88500000000000001E-7	-1.31202534218899647E-1
1.89000000000000012E-7	-1.19952194134574763E-1
1.89500000000000002E-7	-1.06503647420773540E-1
1.90000000000000036E-7	-9.44810443837396008E-2
1.90500000000000003E-7	-8.74003785190551419E-2
1.91000000000000014E-7	-8.81503403076422565E-2
1.91500000000000026E-7	-9.86548308529251017E-2
1.91999999999999993E-7	-1.19610687721938747E-1
1.92500000000000004E-7	-1.50349341242303147E-1
1.93000000000000060E-7	-1.88841194707597393E-1
1.93500000000000050E-7	-2.31846949733880558E-1
1.93999999999999995E-7	-2.75204691927084699E-1
1.94499999999999984E-7	-3.14232822300036574E-1
1.95000000000000018E-7	-3.44258194380822058E-1
1.95500000000000007E-7	-3.60942305095173710E-1
1.95999999999999996E-7	-3.60862975393931906E-1
1.96500000000000008E-7	-3.41894934986360699E-1
1.97000000000000020E-7	-3.03492498325084448E-1
1.97500000000000031E-7	-2.46824491298012605E-1
1.97999999999999976E-7	-1.74743647756581311E-1
1.98500000000000010E-7	-9.15891850398610785E-2
1.99000000000000021E-7	-2.83819429409174973E-3
1.99499999999999988E-7	8.53805690010998042E-2
2.00000000000000044E-7	1.66991851494151966E-1
2.00499999999999989E-7	2.36092661179599572E-1
2.01000000000000023E-7	2.87770629412010859E-1
2.01500000000000012E-7	3.18530632254108426E-1
2.02000000000000002E-7	3.26631109220930504E-1
2.02500000000000036E-7	3.12260324364540942E-1
2.03000000000000025E-7	2.77533525964752403E-1
2.03500000000000059E-7	2.26309386923870282E-1
2.04000000000000004E-7	1.63841882681066808E-1
2.04499999999999993E-7	9.62824307451269590E-2
2.05000000000000027E-7	2.99867112467341013E-2
2.05499999999999972E-7	-2.87433875108623305E-2
2.06000000000000005E-7	-7.44018232678517322E-2
2.06500000000000039E-7	-1.02778756497708601E-1
2.07000000000000028E-7	-1.11336589789107832E-1
2.07500000000000062E-7	-9.94252534728536830E-2
2.08000000000000007E-7	-6.83158851590708061E-2
2.08500000000000041E-7	-2.10498060444973145E-2
2.08999999999999986E-7	3.78821279983418879E-2
2.09499999999999975E-7	1.03003826945806654E-1
2.10000000000000053E-7	1.68395820349580827E-1
2.10499999999999998E-7	2.28333551216279806E-1
2.11000000000000032E-7	2.77742478892420541E-1
2.11499999999999977E-7	3.12742240535462246E-1
2.12000000000000011E-7	3.31013558544833408E-1
2.12500000000000000E-7	3.32004490108620987E-1
2.12999999999999989E-7	3.16955582753579446E-1
2.13500000000000068E-7	2.88741664205031379E-1
2.14000000000000012E-7	2.51546485205954573E-1
2.14500000000000046E-7	2.10403388309220718E-1
2.14999999999999947E-7	1.70648868868114789E-1
2.15500000000000025E-7	1.37344915094583930E-1
2.16000000000000014E-7	1.14729412175867118E-1
2.16500000000000004E-7	1.05751285146303364E-1
2.17000000000000126E-7	1.11738660759976938E-1
2.17499999999999982E-7	1.32234968171767697E-1
2.18000000000000016E-7	1.65020905928036066E-1
2.18500000000000050E-7	2.06321296071993965E-1
2.19000000000000039E-7	2.51176951727990039E-1
2.19500000000000028E-7	2.93950627180900659E-1
2.19999999999999973E-7	3.28964401357528580E-1
2.20500000000000007E-7	3.50929697215762326E-1
2.21000000000000041E-7	3.55617318644929981E-1
2.21499999999999986E-7	3.40303426154304534E-1
2.21999999999999975E-7	3.04090323571325172E-1
2.22499999999999964E-7	2.48051290382297029E-1
2.22999999999999998E-7	1.75183948113391619E-1
2.23500000000000032E-7	9.01757743031840420E-2
2.24000000000000021E-7	-9.95895852038241536E-4
2.24500000000000011E-7	-9.15906235651247158E-2
2.25000000000000044E-7	-1.74707179052921724E-1
2.25499999999999989E-7	-2.43902997534272004E-1
2.26000000000000023E-7	-2.93771066548129323E-1
2.26500000000000057E-7	-3.20419236368873062E-1
2.27000000000000046E-7	-3.21807107357288480E-1
2.27500000000000080E-7	-2.97910165820198536E-1
2.28000000000000025E-7	-2.50698172827511945E-1
2.28500000000000014E-7	-1.83933147559354682E-1
2.29000000000000004E-7	-1.02809741639390584E-1
2.29499999999999993E-7	-1.34756118697926031E-2
2.29999999999999982E-7	7.75368757642929030E-2
2.30499999999999972E-7	1.63825112951205210E-1
2.31000000000000050E-7	2.39705096736737300E-1
2.31499999999999995E-7	3.00641881020994983E-1
2.31999999999999984E-7	3.43573750294268665E-1
2.32500000000000018E-7	3.67087174071752775E-1
2.33000000000000007E-7	3.71432864591155765E-1
2.33500000000000041E-7	3.58389193074525325E-1
2.34000000000000030E-7	3.30993858265433305E-1
2.34499999999999975E-7	2.93182479203168977E-1
2.34999999999999964E-7	2.49388371978487289E-1
2.35499999999999998E-7	2.04044410395608722E-1
2.36000000000000076E-7	1.61173576216551928E-1
2.36500000000000021E-7	1.24066560758437716E-1
2.37000000000000011E-7	9.50392627823843661E-2
2.37500000000000044E-7	7.53046918356592698E-2
2.38000000000000034E-7	6.49633623385722991E-2
2.38499999999999979E-7	6.31039141279480020E-2
2.38999999999999968E-7	6.79950296011788424E-2
2.39500000000000002E-7	7.73417752168217287E-2
2.39999999999999991E-7	8.86089325682297080E-2
2.40500000000000025E-7	9.92019217330799918E-2
2.40999999999999925E-7	1.06840135010088955E-1
2.41500000000000048E-7	1.09730505164227621E-1
2.42000000000000037E-7	1.06706651575640987E-1
2.42499999999999982E-7	9.72906286479461180E-2
2.42999999999999972E-7	8.16786357568837929E-2
2.43500000000000005E-7	6.06600562099617946E-2
2.44000000000000039E-7	3.54854211717939982E-2
2.44499999999999984E-7	7.68512462719685008E-3
2.45000000000000062E-7	-2.12315916141111050E-2
2.45500000000000007E-7	-4.96017601155004950E-2
2.46000000000000041E-7	-7.59185120305597483E-2
2.46500000000000030E-7	-9.89437844946852074E-2
2.46999999999999975E-7	-1.17782824351086712E-1
2.47499999999999964E-7	-1.31918509175730581E-1
2.47999999999999998E-7	-1.41207866176369468E-1
2.48500000000000032E-7	-1.45846642181392028E-1
2.49000000000000066E-7	-1.46310102511429174E-1
2.49499999999999922E-7	-1.43261665876859268E-1
2.50000000000000044E-7	-1.37364283000592446E-1
2.50500000000000078E-7	-1.29490186736916724E-1
2.50999999999999979E-7	-1.20540830988984049E-1
2.51500000000000012E-7	-1.11367743331899849E-1
2.52000000000000046E-7	-1.02722711940632427E-1
2.52499999999999991E-7	-9.52217919384137446E-2
2.52999999999999936E-7	-8.93244174658479828E-2
2.53500000000000059E-7	-8.53281132058152458E-2
2.54000000000000004E-7	-8.33785036897980270E-2
2.54499999999999993E-7	-8.34993138668519030E-2
2.54999999999999982E-7	-8.56535641635117173E-2
2.55500000000000060E-7	-8.97291031984195797E-2
2.56000000000000005E-7	-9.55872564812602121E-2
2.56499999999999995E-7	-1.03129514165656588E-1
2.57000000000000073E-7	-1.12339953012165150E-1
2.57500000000000018E-7	-1.23314057548334932E-1
2.57999999999999963E-7	-1.36267382874972420E-1
2.58499999999999996E-7	-1.51518993413913217E-1
2.58999999999999986E-7	-1.69447147394722131E-1
2.59500000000000020E-7	-1.90424005747855718E-1
2.60000000000000009E-7	-2.14798635926683046E-1
2.60500000000000043E-7	-2.42568108241788405E-1
2.61000000000000076E-7	-2.73439239702386860E-1
2.61500000000000021E-7	-3.06704300991500389E-1
2.62000000000000011E-7	-3.41182971882549868E-1
2.62500000000000089E-7	-3.75208979331512804E-1
2.62999999999999989E-7	-4.06671809782767024E-1
2.63500000000000068E-7	-4.33118628236741277E-1
2.64000000000000012E-7	-4.51914893104912263E-1
2.64499999999999957E-7	-4.60454826242306936E-1
2.65000000000000036E-7	-4.56405747333852929E-1
2.65500000000000069E-7	-4.37964240853681730E-1
2.66000000000000014E-7	-4.04098066165696856E-1
2.66500000000000004E-7	-3.54746343699579025E-1
2.66999999999999948E-7	-2.90952265787275577E-1
2.67500000000000027E-7	-2.14907444512388990E-1
2.68000000000000016E-7	-1.29894685413297672E-1
2.68500000000000005E-7	-4.01257575533370225E-2
2.69000000000000083E-7	4.95183943032126006E-2
2.69500000000000028E-7	1.33826785374774815E-1
2.70000000000000018E-7	2.07632278017504346E-1
2.70499999999999963E-7	2.66274289448577273E-1
2.70999999999999996E-7	3.05930139871339168E-1
2.71500000000000030E-7	3.23961652009105761E-1
2.72000000000000064E-7	3.19153248677142409E-1
2.72500000000000009E-7	2.91834553780230799E-1
2.73000000000000043E-7	2.43873777941235748E-1
2.73499999999999943E-7	1.78540784581507661E-1
2.74000000000000021E-7	1.00251625416428047E-1
2.74500000000000011E-7	1.42239710107679196E-2
2.74999999999999956E-7	-7.38423264647836053E-2
2.75499999999999989E-7	-1.58478524220000150E-1
2.76000000000000023E-7	-2.34641359812435413E-1
2.76500000000000012E-7	-2.98126194077651263E-1
2.76999999999999957E-7	-3.45839966824380607E-1
2.77500000000000036E-7	-3.75965795810234971E-1
2.78000000000000025E-7	-3.88009620735739347E-1
2.78499999999999970E-7	-3.82731490148555720E-1
2.79000000000000004E-7	-3.61975472521462960E-1
2.79500000000000037E-7	-3.28427390576469191E-1
2.80000000000000027E-7	-2.85394417138378387E-1
2.80500000000000016E-7	-2.36269800850302980E-1
2.81000000000000050E-7	-1.84404263168207039E-1
2.81500000000000039E-7	-1.32819614310569944E-1
2.82000000000000028E-7	-8.40213115001718869E-2
2.82500000000000018E-7	-3.98853490957648837E-2
2.83000000000000007E-7	-1.62091853042815282E-3
2.83499999999999996E-7	3.01983395479319450E-2
2.83999999999999897E-7	5.55485723485919358E-2
2.84500000000000020E-7	7.48281056792491306E-2
2.85000000000000053E-7	8.87117641277336588E-2
2.85500000000000087E-7	9.80211413466116532E-2
2.85999999999999988E-7	1.03665312713872071E-1
2.86500000000000110E-7	1.06517801497710440E-1
2.86999999999999966E-7	1.07361031556967146E-1
2.87500000000000000E-7	1.06861947919480382E-1
2.88000000000000034E-7	1.05573179652623228E-1
2.88500000000000023E-7	1.03950926600656612E-1
2.89000000000000057E-7	1.02379388345710276E-1
2.89499999999999957E-7	1.01197956643286635E-1
2.89999999999999991E-7	1.00737105105808289E-1
2.90499999999999980E-7	1.01255363835372858E-1
2.91000000000000014E-7	1.02920507119410609E-1
2.91500000000000048E-7	1.05799072394993265E-1
2.91999999999999993E-7	1.09824831818089841E-1
2.92500000000000027E-7	1.14771699105370795E-1
2.93000000000000060E-7	1.20238905169651189E-1
2.93499999999999961E-7	1.25654876159849938E-1
2.94000000000000039E-7	1.30303649491313367E-1
2.94499999999999984E-7	1.33380176737807687E-1
2.95000000000000107E-7	1.34118777109776466E-1
2.95500000000000007E-7	1.31707742913456571E-1
2.96000000000000041E-7	1.25489069998153369E-1
2.96499999999999986E-7	1.15025658131923381E-1
2.97000000000000064E-7	1.00171737642234593E-1
2.97500000000000053E-7	8.11197097341603879E-2
2.97999999999999998E-7	5.84167940851340806E-2
2.98499999999999988E-7	3.29482897561562016E-2
2.98999999999999977E-7	5.88809719913686802E-3
2.99500000000000055E-7	-2.13732051123621103E-2
3.00000000000000000E-7	-4.73356746939441031E-2
3.00499999999999989E-7	-7.04492342568821606E-2
3.01000000000000068E-7	-8.93350882808842606E-2
3.01500000000000057E-7	-1.02830113784587374E-1
3.02000000000000002E-7	-1.10062870528181134E-1
3.02500000000000036E-7	-1.10502164613290677E-1
3.02999999999999980E-7	-1.03975608580662437E-1
3.03500000000000014E-7	-9.06591475271430092E-2
3.04000000000000048E-7	-7.10416520294351894E-2
3.04500000000000037E-7	-4.58769094978439007E-2
3.05000000000000071E-7	-1.61102158233270010E-2
3.05500000000000060E-7	1.71388761643326282E-2
3.06000000000000050E-7	5.27517555909964830E-2
3.06499999999999995E-7	8.96099719375856907E-2
3.06999999999999984E-7	1.26633156159365190E-1
3.07500000000000062E-7	1.62802527687973342E-1
3.08000000000000007E-7	1.97172428388735166E-1
3.08500000000000085E-7	2.28874138573015706E-1
3.08999999999999941E-7	2.57117096855874250E-1
3.09499999999999975E-7	2.81180685816307330E-1
3.10000000000000009E-7	3.00322504926755274E-1
3.10499999999999998E-7	3.14077521209744148E-1
3.11000000000000032E-7	3.22114074649345872E-1
3.11500000000000021E-7	3.24274827683812505E-1
3.12000000000000055E-7	3.20597184568528037E-1
3.12500000000000000E-7	3.11326157838443374E-1
3.12999999999999989E-7	2.96915195607948279E-1
3.13499999999999979E-7	2.78011568133511222E-1
3.14000000000000057E-7	2.55424719277206114E-1
3.14500000000000046E-7	2.30095920231362072E-1
3.14999999999999991E-7	2.03163577209204460E-1
3.15500000000000025E-7	1.75553407674523676E-1
3.16000000000000059E-7	1.48077175175276521E-1
3.16500000000000048E-7	1.21377144335639287E-1
3.17000000000000082E-7	9.58882524927684798E-2
3.17499999999999982E-7	7.18221899729095892E-2
3.18000000000000060E-7	4.91748595402811617E-2
3.18499999999999961E-7	2.77557305460910086E-2
3.19000000000000039E-7	7.23485407644984946E-3
3.19500000000000028E-7	-1.28164860693815830E-2
3.20000000000000018E-7	-3.30073107152988277E-2
3.20500000000000007E-7	-5.36737371856252388E-2
3.21000000000000085E-7	-7.50567473688554809E-2
3.21499999999999986E-7	-9.72611162925644024E-2
3.22000000000000020E-7	-1.20253068165563270E-1
3.22500000000000009E-7	-1.43876285698895501E-1
3.22999999999999998E-7	-1.67880456073472484E-1
3.23500000000000032E-7	-1.91954441874617743E-1
3.24000000000000066E-7	-2.15755501325979937E-1
3.24500000000000055E-7	-2.38921038406191633E-1
3.25000000000000000E-7	-2.61027290422072866E-1
3.25499999999999989E-7	-2.81685437159068952E-1
3.25999999999999979E-7	-3.00452245409742780E-1
3.26500000000000012E-7	-3.16785628335476765E-1
3.27000000000000046E-7	-3.30000491494102199E-1
3.27500000000000080E-7	-3.39237628898230836E-1
3.28000000000000069E-7	-3.43458555067290572E-1
3.28500000000000014E-7	-3.41477005737389483E-1
3.28999999999999959E-7	-3.32033504130555546E-1
3.29499999999999993E-7	-3.13919200597760728E-1
3.30000000000000027E-7	-2.86172666717150959E-1
3.30500000000000149E-7	-2.48143806884184182E-1
3.31000000000000050E-7	-1.99730636103128578E-1
3.31500000000000128E-7	-1.41541581037332787E-1
3.32000000000000028E-7	-7.50131615420138953E-2
3.32500000000000018E-7	-2.45953403355016365E-3
3.33000000000000007E-7	7.29643360157257082E-2
3.33499999999999996E-7	1.47395763588534434E-1
3.33999999999999986E-7	2.16493002350109975E-1
3.34500000000000020E-7	2.75764788929685301E-1
3.35000000000000009E-7	3.21051411326943859E-1
3.35500000000000043E-7	3.48636688332542066E-1
3.36000000000000076E-7	3.55745989835044440E-1
3.36500000000000066E-7	3.40902250803944984E-1
3.37000000000000011E-7	3.04174621929219580E-1
3.37500000000000000E-7	2.47303624975655456E-1
3.38000000000000034E-7	1.73679662497103626E-1
3.38500000000000023E-7	8.81657702889768302E-2
3.39000000000000057E-7	-3.22851879980728995E-3
3.39500000000000091E-7	-9.38050298929671378E-2
3.40000000000000080E-7	-1.76759335430246378E-1
3.40499999999999980E-7	-2.45646876524931512E-1
3.41000000000000103E-7	-2.95003240496948216E-1
3.41500000000000004E-7	-3.20839217928469322E-1
3.42000000000000082E-7	-3.21014895400418876E-1
3.42500000000000027E-7	-2.95452388761516138E-1
3.42999999999999972E-7	-2.46162048487604324E-1
3.43499999999999961E-7	-1.77075305081633561E-1
3.43999999999999950E-7	-9.36968512952323351E-2
3.44500000000000028E-7	-2.60748633412197961E-3
3.45000000000000018E-7	8.91863250539782726E-2
3.45499999999999963E-7	1.74732478987250683E-1
3.45999999999999996E-7	2.47926439411920096E-1
3.46500000000000030E-7	3.04003802108549781E-1
3.47000000000000020E-7	3.39951002098080091E-1
3.47500000000000053E-7	3.54740785579525486E-1
3.48000000000000043E-7	3.49370048647817688E-1
3.48500000000000032E-7	3.26697909073012571E-1
3.48999999999999977E-7	2.91102319637198104E-1
3.49500000000000011E-7	2.47986084698389764E-1
3.50000000000000044E-7	2.03102119737655995E-1
3.50500000000000034E-7	1.62215869250662537E-1
3.50999999999999979E-7	1.30295421049159033E-1
3.51500000000000057E-7	1.11063871202909104E-1
3.51999999999999957E-7	1.06635400395185731E-1
3.52500000000000036E-7	1.17322807999488998E-1
3.52999999999999980E-7	1.41633042927194452E-1
3.53500000000000014E-7	1.76447727867463433E-1
3.54000000000000004E-7	2.17366813912059520E-1
3.54500000000000037E-7	2.59183176598238774E-1
3.55000000000000027E-7	2.96485566567027092E-1
3.55499999999999972E-7	3.24052861602082221E-1
3.55999999999999961E-7	3.37490477625449925E-1
3.56500000000000039E-7	3.33649770613898422E-1
3.57000000000000117E-7	3.10935025970567036E-1
3.57500000000000018E-7	2.69452941299169524E-1
3.58000000000000052E-7	2.10993721100374687E-1
3.58500000000000041E-7	1.38850027594485859E-1
3.58999999999999986E-7	5.74959869029224535E-2
3.59500000000000064E-7	-2.78383538251994089E-2
3.60000000000000053E-7	-1.11635542776287222E-1
3.60500000000000043E-7	-1.88641783468612823E-1
3.61000000000000121E-7	-2.54269976962536282E-1
3.61499999999999932E-7	-3.04995937403619521E-1
3.62000000000000099E-7	-3.38623588185146307E-1
3.62500000000000000E-7	-3.54415969567776301E-1
3.63000000000000034E-7	-3.53085165004331847E-1
3.63499999999999979E-7	-3.36648303854566189E-1
3.64000000000000101E-7	-3.08169529339936021E-1
3.64500000000000046E-7	-2.71412136041276586E-1
3.64999999999999991E-7	-2.30407315872504714E-1
3.65499999999999980E-7	-1.89171214000768839E-1
3.66000000000000014E-7	-1.51283157182474071E-1
3.66500000000000048E-7	-1.19582074470922972E-1
3.67000000000000037E-7	-9.59517829620966722E-2
3.67500000000000071E-7	-8.12112325868034901E-2
3.67999999999999972E-7	-7.51149029255200329E-2
3.68500000000000005E-7	-7.64576627872755665E-2
3.68999999999999995E-7	-8.32685858180686367E-2
3.69500000000000028E-7	-9.30762413241111197E-2
3.70000000000000062E-7	-1.03247275192984955E-1
3.70500000000000052E-7	-1.11175417984077951E-1
3.70999999999999996E-7	-1.14616516289460035E-1
3.71500000000000075E-7	-1.11919774402852235E-1
3.72000000000000064E-7	-1.02189805966868397E-1
3.72500000000000053E-7	-8.53663126759635027E-2
3.73000000000000043E-7	-6.22166104912138085E-2
3.73500000000000032E-7	-3.42447594756045692E-2
3.74000000000000110E-7	-3.52892610173753463E-3
3.74500000000000055E-7	2.74948881665840528E-2
3.75000000000000000E-7	5.62630481008003613E-2
3.75500000000000078E-7	8.03919606083675120E-2
3.75999999999999979E-7	9.78561129756989700E-2
3.76500000000000101E-7	1.07198140605874648E-1
3.77000000000000002E-7	1.07662235425393993E-1
3.77499999999999991E-7	9.92569078059666943E-2
3.78000000000000025E-7	8.27424838580189892E-2
3.78499999999999925E-7	5.95460617528714931E-2
3.79000000000000004E-7	3.16135849378819422E-2
3.79500000000000082E-7	1.20279742591114713E-3
3.80000000000000071E-7	-2.94069546415142913E-2
3.80500000000000016E-7	-5.79704801198533026E-2
3.81000000000000005E-7	-8.25447939895415672E-2
3.81499999999999950E-7	-1.01686327242188823E-1
3.82000000000000028E-7	-1.14579928248587559E-1
3.82500000000000062E-7	-1.21105288883575768E-1
3.83000000000000052E-7	-1.21834718204071790E-1
3.83499999999999952E-7	-1.17962729783574338E-1
3.83999999999999986E-7	-1.11174418934518093E-1
3.84500000000000064E-7	-1.03453705154935327E-1
3.85000000000000009E-7	-9.67711294355328278E-2
3.85499999999999998E-7	-9.31443394462717933E-2
3.86000000000000121E-7	-9.42594240433521691E-2
3.86500000000000066E-7	-1.01304739006089850E-1
3.87000000000000099E-7	-1.14834247867827166E-1
3.87500000000000000E-7	-1.34692282501479155E-1
3.87999999999999989E-7	-1.60008275233864161E-1
3.88500000000000023E-7	-1.89263379183800562E-1
3.88999999999999968E-7	-2.20423892390835885E-1
3.89500000000000135E-7	-2.51123809961679001E-1
3.90000000000000036E-7	-2.78865532068957478E-1
3.90500000000000025E-7	-3.01320452272690709E-1
3.91000000000000014E-7	-3.16562144480571295E-1
3.91500000000000092E-7	-3.23247808844752882E-1
3.91999999999999993E-7	-3.20762706705553802E-1
3.92499999999999982E-7	-3.09294012214455583E-1
3.93000000000000016E-7	-2.89825021960505591E-1
3.93500000000000050E-7	-2.64048593309109236E-1
3.94000000000000039E-7	-2.34206924534181393E-1
3.94500000000000073E-7	-2.02884272812299482E-1
3.95000000000000062E-7	-1.72851635075748944E-1
3.95500000000000007E-7	-1.46516330470843847E-1
3.95999999999999952E-7	-1.25837261876291273E-1
3.96500000000000075E-7	-1.12101161250801029E-1
3.97000000000000020E-7	-1.05783004774238742E-1
3.97500000000000053E-7	-1.06488021085817497E-1
3.98000000000000043E-7	-1.12982076701960610E-1
3.98499999999999943E-7	-1.23308128482224411E-1
3.98999999999999977E-7	-1.34977543815743695E-1
3.99500000000000144E-7	-1.45211474014046416E-1
4.00000000000000089E-7	-1.51194179100157977E-1
4.00499999999999989E-7	-1.50413955490904505E-1
4.00999999999999979E-7	-1.40920269595133285E-1
4.01500000000000057E-7	-1.21511210537201242E-1
4.02000000000000046E-7	-9.18672292561101500E-2
4.02500000000000036E-7	-5.26013877936127727E-2
4.03000000000000025E-7	-5.22276892364705336E-3
4.03500000000000014E-7	4.79814428731948617E-2
4.04000000000000004E-7	1.04131697705854998E-1
4.04499999999999993E-7	1.59978067795731693E-1
4.05000000000000071E-7	2.12090905705143706E-1
4.05500000000000060E-7	2.57290686116548661E-1
4.06000000000000050E-7	2.92824562976000013E-1
4.06500000000000128E-7	3.16532964347028933E-1
4.07000000000000117E-7	3.26973475533125058E-1
4.07499999999999929E-7	3.23478561021198008E-1
4.08000000000000007E-7	3.06148882851669413E-1
4.08499999999999996E-7	2.75790641432013750E-1
4.08999999999999986E-7	2.33810395733912557E-1
4.09499999999999975E-7	1.82089564990928299E-1
4.10000000000000053E-7	1.22919796451483765E-1
4.10500000000000043E-7	5.86450546449358345E-2
4.10999999999999943E-7	-8.28815372304451081E-3
4.11500000000000110E-7	-7.54575216457259668E-2
4.12000000000000011E-7	-1.40530804390176534E-1
4.12500000000000000E-7	-2.01310376227038690E-1
4.13000000000000078E-7	-2.55764348721720713E-1
4.13499999999999979E-7	-3.02053931519782592E-1
4.14000000000000057E-7	-3.38566409277984137E-1
4.14499999999999957E-7	-3.63954861208534730E-1
4.15000000000000124E-7	-3.77208157596435623E-1
4.15499999999999936E-7	-3.77675554939563085E-1
4.16000000000000014E-7	-3.65259791952790636E-1
4.16500000000000092E-7	-3.40438371916948146E-1
4.17000000000000082E-7	-3.04316186311020243E-1
4.17499999999999982E-7	-2.58641735723861466E-1
4.17999999999999972E-7	-2.05774398875451947E-1
4.18500000000000050E-7	-1.48594659607244450E-1
4.18999999999999950E-7	-9.03555196482250267E-2
4.19500000000000117E-7	-3.44866244777787001E-2
4.20000000000000107E-7	1.56562558221223336E-2
4.20500000000000007E-7	5.70029176900273793E-2
4.20999999999999996E-7	8.71381110232834111E-2
4.21499999999999986E-7	1.04473253683344947E-1
4.22000000000000064E-7	1.08412445310503225E-1
4.22500000000000053E-7	9.94387230996789384E-2
4.22999999999999954E-7	7.91069118962889117E-2
4.23499999999999943E-7	4.99387675520126617E-2
4.24000000000000021E-7	1.52263909518018492E-2
4.24500000000000011E-7	-2.12459990654921294E-2
4.25000000000000000E-7	-5.55848629340253986E-2
4.25500000000000078E-7	-8.39636831605803380E-2
4.25999999999999979E-7	-1.03067555338625350E-1
4.26499999999999968E-7	-1.10366283653042019E-1
4.27000000000000135E-7	-1.04333980812263949E-1
4.27500000000000124E-7	-8.45765902844012807E-2
4.28000000000000025E-7	-5.18559377598431936E-2
4.28500000000000014E-7	-8.00956328543754736E-3
4.29000000000000092E-7	4.42238437957829689E-2
4.29499999999999993E-7	1.01466051374687671E-1
4.29999999999999893E-7	1.60099619079286404E-1
4.30499999999999972E-7	2.16304227255272474E-1
4.31000000000000050E-7	2.66531678504532543E-1
4.31499999999999950E-7	3.07760449333073360E-1
4.32000000000000028E-7	3.37707839825758738E-1
4.32500000000000018E-7	3.54965819870207344E-1
4.33000000000000007E-7	3.59052798748537771E-1
4.33499999999999908E-7	3.50382311822580350E-1
4.34000000000000252E-7	3.30157747660096046E-1
4.34499999999999975E-7	3.00208895228089023E-1
4.34999999999999964E-7	2.62739686619635737E-1
4.35500000000000043E-7	2.20275261687944335E-1
4.36000000000000032E-7	1.75283726155465613E-1
4.36500000000000110E-7	1.30044211144864308E-1
4.37000000000000099E-7	8.65036914506339194E-2
4.37500000000000089E-7	4.61851059037315625E-2
4.38000000000000078E-7	1.01500034792552740E-2
4.38499999999999979E-7	-2.09871147672661307E-2
4.39000000000000057E-7	-4.70008012689734755E-2
4.39499999999999957E-7	-6.79590575073611092E-2
4.39999999999999947E-7	-8.40568933824999043E-2
4.40500000000000025E-7	-9.56743355411689578E-2
4.41000000000000014E-7	-1.03164655782825476E-1
4.41500000000000092E-7	-1.06791521851739768E-1
4.42000000000000082E-7	-1.06677079627332727E-1
4.42500000000000071E-7	-1.02783102253116021E-1
4.42999999999999972E-7	-9.49257660673041848E-2
4.43500000000000050E-7	-8.28209356995908230E-2
4.43999999999999950E-7	-6.61536910046807680E-2
4.44500000000000117E-7	-4.46752168939369554E-2
4.44999999999999929E-7	-1.83777840471974718E-2
4.45500000000000096E-7	1.26468068980656589E-2
4.45999999999999996E-7	4.80242067455013277E-2
4.46499999999999986E-7	8.70456306606109997E-2
4.47000000000000064E-7	1.28643971837621085E-1
4.47500000000000053E-7	1.71403134394496193E-1
4.48000000000000043E-7	2.13603154338982382E-1
4.48500000000000032E-7	2.53300641040078434E-1
4.49000000000000021E-7	2.88440827810791856E-1
4.49500000000000011E-7	3.17000181293680772E-1
4.50000000000000089E-7	3.37197106609462116E-1
4.50499999999999901E-7	3.47477948444478590E-1
4.50999999999999979E-7	3.46772424774961152E-1
4.51499999999999968E-7	3.34596890239028566E-1
4.52000000000000046E-7	3.11138044921976764E-1
4.52500000000000036E-7	2.77287954283245330E-1
4.53000000000000114E-7	2.34622433996945423E-1
4.53500000000000014E-7	1.85319567711269473E-1
4.54000000000000092E-7	1.32020694541804140E-1
4.54499999999999993E-7	7.76362319373478016E-2
4.55000000000000160E-7	2.50628205066875287E-2
4.55499999999999972E-7	-2.28890214919894630E-2
4.56000000000000050E-7	-6.38427885203587842E-2
4.56500000000000039E-7	-9.60489566887973112E-2
4.57000000000000028E-7	-1.18547040435901940E-1
4.57500000000000018E-7	-1.31260278189473945E-1
4.58000000000000007E-7	-1.35009834457946276E-1
4.58499999999999996E-7	-1.31442888056509743E-1
4.58999999999999986E-7	-1.22877575613600332E-1
4.59500000000000064E-7	-1.12070700485625707E-1
4.59999999999999964E-7	-1.01897657250356843E-1
4.60500000000000043E-7	-9.51628309874799250E-2
4.60999999999999943E-7	-9.42449625888155396E-2
4.61500000000000110E-7	-1.00831846917205570E-1
4.62000000000000099E-7	-1.15717842487476830E-1
4.62500000000000089E-7	-1.38687487434637524E-1
4.62999999999999989E-7	-1.68500349167500141E-1
4.63499999999999979E-7	-2.02982110959734863E-1
4.63999999999999968E-7	-2.39215861690661447E-1
4.64500000000000046E-7	-2.73810904563464641E-1
4.65000000000000036E-7	-3.03209556126619306E-1
4.65500000000000114E-7	-3.24102537022981307E-1
4.66000000000000014E-7	-3.33773307165984745E-1
4.66500000000000004E-7	-3.30374888824778168E-1
4.67000000000000082E-7	-3.13143501274739133E-1
4.67499999999999893E-7	-2.82507978306946939E-1
4.68000000000000060E-7	-2.40082261319466816E-1
4.68500000000000050E-7	-1.88540366415918648E-1
4.68999999999999950E-7	-1.31385482665585696E-1
4.69500000000000028E-7	-7.26477018193600266E-2
4.69999999999999929E-7	-1.65856371743199915E-2
4.70500000000000096E-7	3.28668063957448853E-2
4.70999999999999996E-7	7.24013655903886111E-2
4.71499999999999808E-7	9.96114221611978756E-2
4.72000000000000153E-7	1.13194970983637022E-1
4.72500000000000053E-7	1.13048258058451090E-1
4.73000000000000043E-7	1.00243230168702580E-1
4.73500000000000032E-7	7.68941446121417016E-2
4.74000000000000021E-7	4.59299812716173683E-2
4.74500000000000011E-7	1.07925610855021259E-2
4.75000000000000089E-7	-2.49382129391546448E-2
4.75500000000000078E-7	-5.77657573660631218E-2
4.76000000000000068E-7	-8.46376507418865565E-2
4.76499999999999968E-7	-1.03194494168959761E-1
4.76999999999999957E-7	-1.11941352633510838E-1
4.77500000000000036E-7	-1.10330195967262723E-1
4.77999999999999936E-7	-9.87515198898194413E-2
4.78500000000000103E-7	-7.84426298887984519E-2
4.79000000000000004E-7	-5.13279042764817195E-2
4.79499999999999993E-7	-1.98001659106518302E-2
4.79999999999999982E-7	1.36278897352993100E-2
4.80499999999999972E-7	4.62172676755857204E-2
4.81000000000000050E-7	7.54357133837566352E-2
4.81500000000000039E-7	9.90985571861932968E-2
4.81999999999999851E-7	1.15498202473017075E-1
4.82500000000000107E-7	1.23481390282513925E-1
4.83000000000000096E-7	1.22474578441194049E-1
4.83500000000000085E-7	1.12462803158537228E-1
4.84000000000000075E-7	9.39311419354252841E-2
4.84500000000000064E-7	6.77742149676839745E-2
4.84999999999999964E-7	3.51212585278956801E-2
4.85499999999999954E-7	-2.54300120317525025E-3
4.85999999999999943E-7	-4.36426092593659831E-2
4.86500000000000021E-7	-8.65616891888982565E-2
4.87000000000000011E-7	-1.29715776813660888E-1
4.87500000000000000E-7	-1.71606239460534304E-1
4.88000000000000078E-7	-2.10858352932477189E-1
4.88500000000000068E-7	-2.46245165062889715E-1
4.88999999999999968E-7	-2.76700181544198642E-1
4.89499999999999957E-7	-3.01328093694993981E-1
4.90000000000000124E-7	-3.19464103452229153E-1
4.90500000000000025E-7	-3.30503909471103174E-1
4.91000000000000014E-7	-3.34014175219536424E-1
4.91500000000000181E-7	-3.29717242134616484E-1
4.92000000000000082E-7	-3.17496523870590197E-1
4.92500000000000071E-7	-2.97404458404021366E-1
4.93000000000000060E-7	-2.69672062297123327E-1
4.93500000000000050E-7	-2.34718786253440292E-1
4.93999999999999950E-7	-1.93161155084433078E-1
4.94500000000000028E-7	-1.45818536818963507E-1
4.94999999999999929E-7	-9.36803092890222722E-2
4.95500000000000096E-7	-3.80097102727634040E-2
4.95999999999999996E-7	1.97819451193591966E-2
4.96500000000000075E-7	7.81243174078413638E-2
4.97000000000000064E-7	1.35323530692681016E-1
4.97500000000000053E-7	1.89609589286809666E-1
4.98000000000000131E-7	2.39195864960638493E-1
4.98500000000000032E-7	2.82349778089630554E-1
4.98999999999999844E-7	3.17472524794534916E-1
4.99500000000000011E-7	3.43190169770835452E-1
5.00000000000000089E-7	3.58464570115780701E-1


